Name=Antony
Pass=newpassword
AccValue=106
IP=/87.114.130.2:50961
BankPin=
CreatedStr=0,7
Location=3088,3495,0
PreviousTime = 1440956304474
CreatedLong = 1440955023531
LastHonors = 1440955023531
Spec=100
Clan=
YellTag=
mail=
pvparmourdata=13889:1000,13890:1000,13858:1000,13893:1000,13861:1000,13895:1000,13896:1000,13864:1000,13899:1000,13867:1000,13902:1000,13870:1000,13873:1000,13876:1000,13884:1000,13887:1000
npclogs=8133:0

Skills
0 99 13100000
1 99 13100000
2 99 13100000
3 99 13100000
4 99 13100000
5 99 13100000
6 99 13100000

Inventory
15707 1
1856 1
15273 100
6570 1
10551 1
995 15000000

Bank
562 10000 0 0
563 10000 0 1
561 10000 0 2
554 10000 0 3
557 20000 0 4
555 10000 0 5
560 12000 0 6
9075 14000 0 7
565 10000 0 8
391 10500 0 9
10828 100 0 10
11283 100 0 11
11732 102 0 12
7462 101 0 13
2414 100 0 14
10499 100 0 15
6731 100 0 16
6733 100 0 17
6735 100 0 18
6737 100 0 19
4151 102 0 20
4587 100 0 21
1305 100 0 22
1434 100 0 23
1215 100 0 24
4153 100 0 25
11716 100 0 26
6585 100 0 27
1725 110 0 28
1712 100 0 29
4716 103 0 30
4753 100 0 31
4745 100 0 32
4724 100 0 33
4708 100 0 34
4732 100 0 35
6128 100 0 36
9185 100 0 37
2581 100 0 38
4675 100 0 39
4720 103 0 40
4757 100 0 41
4749 100 0 42
4728 100 0 43
4712 100 0 44
4736 100 0 45
6129 100 0 46
9245 10000 0 47
2503 100 0 48
6889 100 0 49
4722 103 0 50
4759 100 0 51
4751 100 0 52
4730 100 0 53
4714 100 0 54
4738 100 0 55
6130 100 0 56
11235 100 0 57
2497 100 0 58
6914 100 0 59
4718 103 0 60
4755 100 0 61
4747 100 0 62
4726 100 0 63
4710 100 0 64
4734 100 0 65
4131 100 0 66
11212 10000 0 67
2577 100 0 68
6920 100 0 69
6524 3 0 70
5698 5 0 71
2550 5 0 72
2436 550 1 73
2440 550 1 74
2442 500 1 75
2434 500 1 76
2444 550 1 77
3040 550 1 78
2446 500 1 79
6685 600 1 80
3024 575 1 81
15332 7 1 82
145 500 1 83
157 500 1 84
163 500 1 85
139 500 1 86
169 500 1 87
3042 500 1 88
175 500 1 89
6687 500 1 90
3026 500 1 91
15333 5 1 92
147 500 1 93
159 500 1 94
165 500 1 95
141 500 1 96
171 500 1 97
3044 500 1 98
177 500 1 99
6689 500 1 100
3028 500 1 101
15334 5 1 102
149 500 1 103
161 500 1 104
167 500 1 105
143 500 1 106
173 500 1 107
3046 500 1 108
179 500 1 109
6691 500 1 110
3030 500 1 111
15335 5 1 112

Equip

Look
0
7
8
9
5
0
0
18
26
33
36
42
10

Friends
0
0
0
0
0
0
0
0
0
0
0
0
0
0
0
0
0
0
0
0
0
0
0
0
0
0
0
0
0
0
0
0
0
0
0
0
0
0
0
0
0
0
0
0
0
0
0
0
0
0
0
0
0
0
0
0
0
0
0
0
0
0
0
0
0
0
0
0
0
0
0
0
0
0
0
0
0
0
0
0
0
0
0
0
0
0
0
0
0
0
0
0
0
0
0
0
0
0
0
0
0
0
0
0
0
0
0
0
0
0
0
0
0
0
0
0
0
0
0
0
0
0
0
0
0
0
0
0
0
0
0
0
0
0
0
0
0
0
0
0
0
0
0
0
0
0
0
0
0
0
0
0
0
0
0
0
0
0
0
0
0
0
0
0
0
0
0
0
0
0
0
0
0
0
0
0
0
0
0
0
0
0
0
0
0
0
0
0
0
0
0
0
0
0
0
0
0
0
0
0

Mac=-189275406
slayerdata=-1,0,0,0
RecolorManager
0

customSetData=
permExtraData={logintime-1280940, bhon-true, zombiewave-0}
gameMode=1
bonusxp=
dungoneeringdata=0%-1,0 -1,0 -1,0 -1,0 -1,0 %101338,101338,101338,101338,101338,101338,101338,%0
Rune Pouch

tutorial=28
