Name=Bruce Lee
Pass=lukeholys322
AccValue=106496
IP=/72.53.147.72:57831
BankPin=null
tabAmount=4
Rank = 167772209
CreatedStr=3,7
Location=2539,4715,0
Elo=1229
PreviousTime = 1440646192392
CreatedLong = 1440611784506
LastHonors = 1440611784506
Spec=100
MagicBook=1
Altar=true
Clan=
YellTag=
DonatorsBought=100000
DonatorPoints=35
EP=100
KillStreak=1
KillCount=2
elopeak=1229
mail=
pvparmourdata=13890:1000,13858:1000,13893:857,13861:1000,13896:798,13864:1000,13899:938,13867:1000,13902:996,13870:1000,13873:1000,13876:1000,13884:1000,13887:857
npclogs=8133:0,9463:1

Skills
0 99 13100000
1 99 13100000
2 99 13508663
3 99 13236858
4 99 13105856
5 98 13100000
6 99 13100000

Inventory

Bank
562 10000 0 0
563 10000 0 1
561 10000 0 2
554 10000 0 3
557 10000 0 4
555 10000 0 5
560 10000 0 6
9075 10000 0 7
565 10000 0 8
391 10000 0 9
10828 100 0 10
11283 100 0 11
11732 99 0 12
7462 100 0 13
2414 100 0 14
10499 100 0 15
6731 100 0 16
6733 100 0 17
6735 100 0 18
6737 100 0 19
4151 101 0 20
4587 100 0 21
1305 101 0 22
1434 101 0 23
1215 102 0 24
4153 101 0 25
11716 100 0 26
6585 100 0 27
1725 100 0 28
1712 100 0 29
4716 100 0 30
4753 100 0 31
4745 100 0 32
4724 100 0 33
4708 100 0 34
4732 100 0 35
6128 100 0 36
9185 100 0 37
2581 100 0 38
4675 100 0 39
4720 100 0 40
4757 100 0 41
4749 100 0 42
4728 100 0 43
4712 100 0 44
4736 100 0 45
6129 100 0 46
2503 100 0 47
6889 100 0 48
4722 100 0 49
4759 100 0 50
4751 100 0 51
4730 100 0 52
4714 100 0 53
4738 100 0 54
6130 100 0 55
11235 101 0 56
2497 101 0 57
6914 100 0 58
4718 100 0 59
4755 100 0 60
4747 100 0 61
4726 100 0 62
4710 100 0 63
4734 100 0 64
4131 100 0 65
11212 19999 0 66
2577 101 0 67
6920 100 0 68
15707 1 0 69
15272 32631 0 70
1856 1 0 71
385 22 0 72
15486 1 0 73
11694 2 0 74
13663 1 0 75
6108 1 0 76
3105 1 0 77
6107 1 0 78
861 1 0 79
892 10000 0 80
3842 1 0 81
868 99999 0 82
9245 9997 0 83
1129 1 0 84
7459 1 0 85
12158 1 0 86
19111 1 0 87
5020 10000 0 88
2436 500 1 89
2440 500 1 90
2442 500 1 91
2434 500 1 92
2444 500 1 93
3040 500 1 94
2446 500 1 95
6685 500 1 96
3024 494 1 97
145 500 1 98
157 500 1 99
163 500 1 100
139 500 1 101
169 500 1 102
3042 500 1 103
175 500 1 104
6687 500 1 105
3026 502 1 106
15333 6 1 107
147 500 1 108
159 500 1 109
165 500 1 110
141 500 1 111
171 500 1 112
3044 500 1 113
177 500 1 114
6689 500 1 115
3028 503 1 116
15334 6 1 117
149 500 1 118
161 500 1 119
167 500 1 120
143 500 1 121
173 500 1 122
3046 500 1 123
179 500 1 124
6691 500 1 125
3030 500 1 126
15335 7 1 127
18353 2 2 128
16909 1 2 129
16425 3 2 130
16955 1 2 131
15773 1 2 132
18349 4 2 133
18351 3 2 134
18357 3 2 135
18355 3 2 136
19717 1 2 137
19718 1 2 138
19720 1 2 139
19721 1 2 140
19714 1 2 141
19715 1 2 142
16691 1 2 143
17239 1 2 144
17341 1 2 145
16669 1 2 146
16339 1 2 147
16383 1 2 148
13738 1 2 149
18363 1 2 150
13740 1 2 151
18335 1 2 152
14484 6 2 153
15241 1 2 154
1057 3 2 155
1053 4 2 156
1055 7 2 157
1050 3 2 158
14881 4 2 159
14880 5 2 160
14888 5 2 161
14876 6 2 162
14878 7 2 163
14887 6 2 164
14885 4 2 165
14879 4 2 166
14889 1 2 167
16711 1 2 168
16403 1 2 169
17259 1 2 170
17361 1 2 171
16689 1 2 172
16359 1 2 173
13905 8 3 174
13890 9 3 175
13870 7 3 176
13864 11 3 177
13896 12 3 178
13902 13 3 179
13887 11 3 180
13873 13 3 181
13884 12 3 182
13893 14 3 183
13858 8 3 184
13867 9 3 185
13861 16 3 186
13876 10 3 187
13899 1 3 188
13889 13 3 189
15243 200 3 190

Equip

Look
0
0
18
4
0
0
7
18
26
33
36
42
14

Friends
13895
48985986835
0
0
0
0
0
0
0
0
0
0
0
0
0
0
0
0
0
0
0
0
0
0
0
0
0
0
0
0
0
0
0
0
0
0
0
0
0
0
0
0
0
0
0
0
0
0
0
0
0
0
0
0
0
0
0
0
0
0
0
0
0
0
0
0
0
0
0
0
0
0
0
0
0
0
0
0
0
0
0
0
0
0
0
0
0
0
0
0
0
0
0
0
0
0
0
0
0
0
0
0
0
0
0
0
0
0
0
0
0
0
0
0
0
0
0
0
0
0
0
0
0
0
0
0
0
0
0
0
0
0
0
0
0
0
0
0
0
0
0
0
0
0
0
0
0
0
0
0
0
0
0
0
0
0
0
0
0
0
0
0
0
0
0
0
0
0
0
0
0
0
0
0
0
0
0
0
0
0
0
0
0
0
0
0
0
0
0
0
0
0
0
0
0
0
0
0
0
0

Mac=1754538916
slayerdata=-1,0,0,0
RecolorManager
0

customSetData=
permExtraData={logintime-5749942, yellAccepted-true, yelltimur-1440614194025, wrath-true, bhon-true, rigour-true, zombiewave-0}
bonusxp=
dungoneeringdata=0%-1,0 -1,0 -1,0 -1,0 -1,0 %101338,101338,101338,101338,101338,101338,101338,%0
Rune Pouch

tutorial=8
