Name=Cassidy
Pass=imtheking1950
AccValue=34052
IP=/135.0.47.121:61849
BankPin=null
Rank = 335545653
CreatedStr=1,7
Location=3085,3492,0
Elo=6280
PreviousTime = 1440541606360
CreatedLong = 1439852207851
LastHonors = 1440529124043
Spec=100
MagicBook=1
Altar=true
Clan=
YellTag=
DonatorsBought=94338
DonatorPoints=106
PkPoints=65311
HonorPoints=49010
Skull=557
EP=56
KillCount=17
DeathCount=3
elopeak=6280
mail=
pvparmourdata=13890:1000,13858:1000,13893:649,13861:1000,13896:968,13864:1000,13899:1000,13867:1000,13902:992,13870:1000,13873:1000,13876:1000,13884:1000,13887:875
bhpoints=3
npclogs=941:1,8133:0

Skills
0 99 13101459
1 99 13105287
2 99 13111919
3 99 13109439
4 105 13105520
5 97 13100000
6 94 13133417

Inventory
18357 1
18355 1
14484 1

Bank
562 10000 0 0
563 10000 0 1
561 10000 0 2
554 10000 0 3
557 11930 0 4
555 50365 0 5
560 52894 0 6
9075 11972 0 7
565 51444 0 8
391 9997 0 9
10828 100 0 10
11283 100 0 11
11732 100 0 12
7462 100 0 13
2414 100 0 14
10499 100 0 15
6731 100 0 16
6733 100 0 17
6735 100 0 18
6737 100 0 19
4151 100 0 20
4587 100 0 21
1305 100 0 22
1434 100 0 23
1215 100 0 24
4153 100 0 25
11716 100 0 26
6585 100 0 27
1725 100 0 28
1712 100 0 29
4716 100 0 30
4753 100 0 31
4745 100 0 32
4724 100 0 33
4708 100 0 34
4732 100 0 35
6128 100 0 36
9185 100 0 37
2581 100 0 38
4675 100 0 39
4720 100 0 40
4757 100 0 41
4749 100 0 42
4728 100 0 43
4712 100 0 44
4736 100 0 45
6129 100 0 46
2503 100 0 47
6889 100 0 48
4722 100 0 49
4759 100 0 50
4751 100 0 51
4730 100 0 52
4714 100 0 53
4738 100 0 54
6130 100 0 55
11235 100 0 56
2497 100 0 57
6914 100 0 58
4718 100 0 59
4755 100 0 60
4747 100 0 61
4726 100 0 62
4710 100 0 63
4734 100 0 64
4131 100 0 65
11212 10000 0 66
2577 100 0 67
6920 100 0 68
15707 1 0 69
1856 1 0 70
19718 1 0 71
2430 13 0 72
15272 70916 0 73
229 6 0 74
13884 1 0 75
13890 1 0 76
13896 1 0 77
13902 1 0 78
14881 2 0 79
13736 1 0 80
3105 1 0 81
13734 1 0 82
989 17 0 83
10839 1 0 84
11694 1 0 85
13899 1 0 86
10548 1 0 87
13887 1 0 88
8850 1 0 89
14484 1 0 90
18353 1 0 91
19714 1 0 92
16359 1 0 93
16711 1 0 94
16955 1 0 95
19717 1 0 96
18355 1 0 97
19721 1 0 98
19720 1 0 99
15443 1 0 100
4115 1 0 101
4111 1 0 102
4113 1 0 103
13663 1 0 104
13744 1 0 105
13742 1 0 106
2293 6539 0 107
10340 1 0 108
10338 1 0 109
10342 1 0 110
18359 1 0 111
4093 1 0 112
4091 1 0 113
17662 1 0 114
18335 1 0 115
10330 1 0 116
19715 1 0 117
12676 1 0 118
13738 1 0 119
12677 1 0 120
14876 1 0 121
9245 9855 0 122
13893 1 0 123
15333 1 0 124
15444 1 0 125
19111 1 0 126
15486 1 0 127
19815 1 0 128
15220 1 0 129
9244 654642 0 130
18357 1 0 131
2436 500 1 132
2440 500 1 133
2442 500 1 134
2434 500 1 135
2444 500 1 136
3040 500 1 137
2446 500 1 138
6685 439 1 139
3024 455 1 140
145 500 1 141
157 500 1 142
163 500 1 143
139 500 1 144
169 500 1 145
3042 500 1 146
175 500 1 147
6687 506 1 148
3026 511 1 149
147 500 1 150
159 500 1 151
165 500 1 152
141 500 1 153
171 500 1 154
3044 500 1 155
177 500 1 156
6689 511 1 157
3028 509 1 158
149 500 1 159
161 500 1 160
167 500 1 161
143 500 1 162
173 500 1 163
3046 500 1 164
179 500 1 165
6691 501 1 166
3030 501 1 167
15335 10 1 168

Equip

Look
1
0
23
23
14
6
45
56
61
67
70
79
-1

Friends
0
0
0
0
0
0
0
0
0
0
0
0
0
0
0
0
0
0
0
0
0
0
0
0
0
0
0
0
0
0
0
0
0
0
0
0
0
0
0
0
0
0
0
0
0
0
0
0
0
0
0
0
0
0
0
0
0
0
0
0
0
0
0
0
0
0
0
0
0
0
0
0
0
0
0
0
0
0
0
0
0
0
0
0
0
0
0
0
0
0
0
0
0
0
0
0
0
0
0
0
0
0
0
0
0
0
0
0
0
0
0
0
0
0
0
0
0
0
0
0
0
0
0
0
0
0
0
0
0
0
0
0
0
0
0
0
0
0
0
0
0
0
0
0
0
0
0
0
0
0
0
0
0
0
0
0
0
0
0
0
0
0
0
0
0
0
0
0
0
0
0
0
0
0
0
0
0
0
0
0
0
0
0
0
0
0
0
0
0
0
0
0
0
0
0
0
0
0
0
0

Mac=-1192335907
slayerdata=-1,0,0,0
RecolorManager
0

customSetData=NEW_SET{equipment:[10342, 19111, 18335, 18355, 19720, 13738, 19721, 7462, 6920, 6731];inventory:[6685, 6685, 6685, 15334, 3024, 3024, 3024, 15272, 15272, 15272, 15272, 15272, 15444, 19714, 16711, 16359, 11283, 19715, 1725, 15220, 11694, 19717, 15272, 15272, 565, 555, 560, 4153];inventoryStackSizes:[1, 1, 1, 1, 1, 1, 1, 1, 1, 1, 1, 1, 1, 1, 1, 1, 1, 1, 1, 1, 1, 1, 1, 1, 5000, 5000, 5000, 1]}
permExtraData={logintime-7268206, bhon-true, rigour-true, zombiewave-0, augury-true}
bonusxp=
dungoneeringdata=0%-1,0 -1,0 -1,0 -1,0 -1,0 %101338,101338,101338,101338,101338,101338,101338,%0
Rune Pouch

tutorial=8
