Name=Darren
Pass=189407823341ho
Salt=null
AccValue=459479
IP=/108.65.177.189:57303
BankPin=null
InitialSource=0
tabAmount=3
Rank = 201326711
CreatedStr=0,7
Location=2977,3606,24
Elo=2400
Diced=1502720026
PreviousTime = 1443405030869
CreatedLong = 1439139917303
LastHonors = 1443381192821
Spec=100
AtkType=0
MagicBook=1
Altar=true
Clan=
YellTag=
DonatorsBought=500000
DonatorPoints=85109
PkPoints=964046036
HonorPoints=9979466
EP=39
DeathCount=5
elopeak=2400
mail=
pvparmourdata=13889:1000,13890:999,13858:1000,13893:978,13861:1000,13895:1000,13896:854,13864:1000,13899:1000,13867:1000,13902:1000,13870:1000,13873:1000,13876:1000,13884:995,13887:982
npclogs=1:2,8133:0,9752:1

Skills
0 99 200000000
1 99 200000000
2 99 200000000
3 99 200000000
4 99 200000000
5 99 200000000
6 99 200000000
7 99 200000000
8 99 200000000
9 99 200000000
10 99 200000000
11 99 200000000
12 99 200000000
13 99 200000000
14 99 200000000
15 99 200000000
16 99 200000000
17 99 200000000
18 99 200000000
19 99 200000000
20 99 200000000
21 99 200000000
22 99 200000000
23 99 200000000
24 99 200000000

Inventory
15444 1
13884 1
15834 1
13896 1
20072 1
13890 1
19816 1
15333 1
6685 1
4736 1
3024 1
3024 1
3024 1
17999 1
15272 1
15272 1
15272 1
15272 1
15272 1
11694 1
3144 1
3144 1
3144 1
3144 1
391 1
6685 1

Bank
562 10000 0 0
563 10000 0 1
561 10000 0 2
554 10000 0 3
557 10000 0 4
555 10000 0 5
560 10000 0 6
9075 10000 0 7
565 10000 0 8
391 10000 0 9
10828 100 0 10
11283 100 0 11
11732 100 0 12
7462 101 0 13
2414 100 0 14
10499 100 0 15
6731 100 0 16
6733 100 0 17
6735 100 0 18
6737 73 0 19
4151 101 0 20
4587 100 0 21
1305 100 0 22
1434 100 0 23
1215 100 0 24
4153 100 0 25
11716 100 0 26
6585 101 0 27
1725 100 0 28
1712 100 0 29
4716 100 0 30
4753 100 0 31
4745 100 0 32
4724 100 0 33
4708 99 0 34
4732 100 0 35
6128 100 0 36
9185 100 0 37
2581 100 0 38
4675 100 0 39
4720 100 0 40
4757 100 0 41
4749 100 0 42
4728 100 0 43
4712 99 0 44
4736 100 0 45
6129 100 0 46
9245 10000 0 47
2503 100 0 48
6889 100 0 49
4722 100 0 50
4759 100 0 51
4751 100 0 52
4730 100 0 53
4714 99 0 54
4738 100 0 55
6130 100 0 56
11235 100 0 57
2497 100 0 58
6914 100 0 59
4718 100 0 60
4755 100 0 61
4747 100 0 62
4726 100 0 63
4710 100 0 64
4734 100 0 65
4131 100 0 66
11212 10000 0 67
2577 100 0 68
6920 100 0 69
15707 2 0 70
13889 50 0 71
13870 53 0 72
13873 35 0 73
13858 52 0 74
13861 44 0 75
13905 47 0 76
13867 41 0 77
13876 56 0 78
15272 8293 0 79
14880 56 0 80
13887 7 0 81
19111 1 0 82
18509 1 0 83
19709 1 0 84
12744 1 0 85
10240 5 0 86
10180 5 0 87
10182 5 0 88
10184 5 0 89
10186 5 0 90
10188 5 0 91
10190 5 0 92
10254 5 0 93
10192 5 0 94
10256 5 0 95
10258 5 0 96
10260 5 0 97
10262 5 0 98
10264 5 0 99
10266 5 0 100
10268 5 0 101
10206 5 0 102
19043 5 0 103
19044 6 0 104
19045 6 0 105
19046 6 0 106
19047 5 0 107
19048 5 0 108
19049 5 0 109
19050 5 0 110
19052 5 0 111
10234 5 0 112
10236 5 0 113
10238 5 0 114
19780 9 0 115
13902 11 0 116
5020 2303685 0 117
16711 2 0 118
18363 1 0 119
13740 1 0 120
13742 1 0 121
13744 3 0 122
13884 2 0 123
13890 1 0 124
14484 13 0 125
10342 1 0 126
10344 1 0 127
10338 1 0 128
10340 1 0 129
17259 2 0 130
16689 2 0 131
16359 2 0 132
13896 1 0 133
13893 1 0 134
13734 1 0 135
17061 1 0 136
17193 1 0 137
17339 1 0 138
17215 1 0 139
17317 1 0 140
16887 1 0 141
16337 1 0 142
19716 1 0 143
19817 1 0 144
15347 2 0 145
17361 3 0 146
15773 1 0 147
16909 1 0 148
16425 1 0 149
16403 1 0 150
16935 1 0 151
16383 1 0 152
16405 1 0 153
16889 1 0 154
15753 1 0 155
16339 1 0 156
17341 1 0 157
16669 1 0 158
17239 1 0 159
16691 1 0 160
19714 2 0 161
19715 2 0 162
19720 2 0 163
19721 2 0 164
19718 1 0 165
13899 1 0 166
15349 1 0 167
1040 1 0 168
16136 1 0 169
19713 1 0 170
16955 1 0 171
19717 1 0 172
19719 1 0 173
13663 119 0 174
19323 28 0 175
20072 9 0 176
2436 500 1 177
2440 500 1 178
2442 500 1 179
2434 500 1 180
2444 500 1 181
3040 500 1 182
2446 500 1 183
6685 496 1 184
3024 500 1 185
15332 2 1 186
145 500 1 187
157 500 1 188
163 500 1 189
139 500 1 190
169 500 1 191
3042 500 1 192
175 500 1 193
6687 500 1 194
3026 501 1 195
15333 5 1 196
147 500 1 197
159 500 1 198
165 500 1 199
141 500 1 200
171 500 1 201
3044 500 1 202
177 500 1 203
6689 500 1 204
3028 500 1 205
15334 5 1 206
149 500 1 207
161 500 1 208
167 500 1 209
143 500 1 210
173 500 1 211
3046 500 1 212
179 500 1 213
6691 501 1 214
3030 501 1 215
15335 7 1 216
14888 51 1 217
14887 44 1 218
14889 59 1 219
14878 52 1 220
14881 44 1 221
14879 43 1 222
18351 2 1 223
13864 39 1 224
14876 44 1 225
14885 43 1 226
18349 5 1 227
18353 4 1 228

Equip
4708 1
12747 1
18335 1
6603 1
4712 1
13738 1
4714 1
12862 1
19815 1
6737 1

Look
0
12
22
2
0
4
8
24
26
33
36
42
12

Friends
35782313
371351
12208965
133581
495563205
0
0
0
0
0
0
0
0
0
0
0
0
0
0
0
0
0
0
0
0
0
0
0
0
0
0
0
0
0
0
0
0
0
0
0
0
0
0
0
0
0
0
0
0
0
0
0
0
0
0
0
0
0
0
0
0
0
0
0
0
0
0
0
0
0
0
0
0
0
0
0
0
0
0
0
0
0
0
0
0
0
0
0
0
0
0
0
0
0
0
0
0
0
0
0
0
0
0
0
0
0
0
0
0
0
0
0
0
0
0
0
0
0
0
0
0
0
0
0
0
0
0
0
0
0
0
0
0
0
0
0
0
0
0
0
0
0
0
0
0
0
0
0
0
0
0
0
0
0
0
0
0
0
0
0
0
0
0
0
0
0
0
0
0
0
0
0
0
0
0
0
0
0
0
0
0
0
0
0
0
0
0
0
0
0
0
0
0
0
0
0
0
0
0
0

Mac=-1604087438
slayerdata=-1,0,0,0
RecolorManager
0

customSetData=
permExtraData={logintime-14045296, yellAccepted-true, disabledPkMessages-true, bhon-true, zombiewave-0, disabledYell-false, disabledStaffMessages-true}
bonusxp=
dungoneeringdata=0%-1,0 -1,0 -1,0 -1,0 -1,0 %101338,101338,101338,101338,101338,101338,101338,%0
Rune Pouch
565 994
555 982
560 988

tutorial=28
