Name=Emperor
Pass=pooball99
AccValue=56
IP=/81.148.229.12:62609
BankPin=null
Rank = 49
CreatedStr=3,7
Location=3084,3491,0
PreviousTime = 1440895769386
CreatedLong = 1440544941756
LastHonors = 1440895170412
Spec=100
MagicBook=1
Clan=
YellTag=
DonatorsBought=50000
DonatorPoints=41
PkPoints=140400
EP=39
mail=
pvparmourdata=13889:1000,13890:1000,13858:1000,13893:1000,13861:1000,13895:1000,13896:1000,13864:1000,13899:1000,13867:1000,13902:1000,13870:1000,13873:1000,13876:1000,13884:1000,13887:1000
npclogs=1:2,8133:0

Skills
0 99 13100074
1 99 13100074
2 99 13111874
3 99 13104337
4 99 13100000
5 99 13100000
6 99 13104106

Inventory

Bank
562 10000 0 0
563 10000 0 1
561 10000 0 2
554 10000 0 3
557 10000 0 4
9075 10000 0 5
391 9963 0 6
10828 100 0 7
11283 100 0 8
11732 100 0 9
7462 100 0 10
2414 100 0 11
10499 100 0 12
6731 100 0 13
6733 100 0 14
6735 100 0 15
6737 100 0 16
4151 100 0 17
4587 100 0 18
1305 100 0 19
1434 100 0 20
1215 100 0 21
4153 100 0 22
11716 100 0 23
6585 100 0 24
1725 100 0 25
1712 100 0 26
4716 100 0 27
4753 100 0 28
4745 100 0 29
4724 100 0 30
4708 100 0 31
4732 100 0 32
6128 100 0 33
9185 100 0 34
2581 100 0 35
4675 100 0 36
4720 100 0 37
4757 100 0 38
4749 100 0 39
4728 100 0 40
4712 100 0 41
4736 100 0 42
6129 100 0 43
9245 10000 0 44
2503 100 0 45
6889 100 0 46
4722 100 0 47
4759 100 0 48
4751 100 0 49
4730 100 0 50
4714 100 0 51
4738 100 0 52
6130 100 0 53
11235 100 0 54
2497 100 0 55
6914 100 0 56
4718 100 0 57
4755 100 0 58
4747 100 0 59
4726 100 0 60
4710 100 0 61
4734 100 0 62
4131 100 0 63
11212 10000 0 64
2577 100 0 65
6920 100 0 66
15707 1 0 67
1856 1 0 68
560 9874 0 69
555 9811 0 70
565 9876 0 71
14885 9 0 72
14888 14 0 73
14876 7 0 74
14881 13 0 75
13861 8 0 76
14879 8 0 77
13873 8 0 78
14878 5 0 79
13876 8 0 80
14880 10 0 81
13867 7 0 82
13870 6 0 83
13858 8 0 84
18349 1 0 85
14889 6 0 86
14887 10 0 87
13864 7 0 88
13889 4 0 89
13905 3 0 90
2436 500 1 91
2440 500 1 92
2442 500 1 93
2434 500 1 94
2444 500 1 95
3040 500 1 96
2446 500 1 97
6685 485 1 98
3024 490 1 99
15332 5 1 100
145 500 1 101
157 500 1 102
163 500 1 103
139 500 1 104
169 500 1 105
3042 500 1 106
175 500 1 107
6687 500 1 108
3026 500 1 109
15333 5 1 110
147 500 1 111
159 500 1 112
165 500 1 113
141 500 1 114
171 500 1 115
3044 500 1 116
177 500 1 117
6689 500 1 118
3028 500 1 119
15334 5 1 120
149 500 1 121
161 500 1 122
167 500 1 123
143 500 1 124
173 500 1 125
3046 500 1 126
179 500 1 127
6691 500 1 128
3030 501 1 129
15335 5 1 130

Equip

Look
0
7
8
9
5
0
0
18
26
33
36
42
10

Friends
0
0
0
0
0
0
0
0
0
0
0
0
0
0
0
0
0
0
0
0
0
0
0
0
0
0
0
0
0
0
0
0
0
0
0
0
0
0
0
0
0
0
0
0
0
0
0
0
0
0
0
0
0
0
0
0
0
0
0
0
0
0
0
0
0
0
0
0
0
0
0
0
0
0
0
0
0
0
0
0
0
0
0
0
0
0
0
0
0
0
0
0
0
0
0
0
0
0
0
0
0
0
0
0
0
0
0
0
0
0
0
0
0
0
0
0
0
0
0
0
0
0
0
0
0
0
0
0
0
0
0
0
0
0
0
0
0
0
0
0
0
0
0
0
0
0
0
0
0
0
0
0
0
0
0
0
0
0
0
0
0
0
0
0
0
0
0
0
0
0
0
0
0
0
0
0
0
0
0
0
0
0
0
0
0
0
0
0
0
0
0
0
0
0
0
0
0
0
0
0

Mac=-1666345012
slayerdata=-1,0,0,0
RecolorManager
0

customSetData=
permExtraData={logintime-2401747, bhon-true, zombiewave-0}
bonusxp=
dungoneeringdata=0%-1,0 -1,0 -1,0 -1,0 -1,0 %101338,101338,101338,101338,101338,101338,101338,%0
Rune Pouch

tutorial=8
