Name=Glis
Pass=password
Salt=null
AccValue=200763
IP=/178.117.57.15:52627
BankPin=null
InitialSource=0
Rank = 503446517
CreatedStr=2,8
Location=3090,3488,0
PreviousTime = 1443312268223
CreatedLong = 1442877684345
LastHonors = 1443311247809
Spec=100
Clan=
YellTag=
DonatorPoints=200011
PkPoints=947
VotePoints=71
HonorPoints=294
LastVoted = 1443182816241
mail=
pvparmourdata=13889:1000,13890:1000,13858:1000,13893:1000,13861:1000,13895:1000,13896:1000,13864:1000,13899:1000,13867:1000,13902:1000,13870:1000,13873:1000,13876:1000,13884:1000,13887:1000
npclogs=8133:0

Skills
0 99 13100000
1 99 13100000
2 99 13102400
3 99 13100792
4 99 13100000
5 99 13163360
6 99 13100000

Inventory
219 246
15509 1
15332 1
15332 1
15332 1
13861 1
5020 4542
19052 1
19045 1
19046 1
19047 1
19048 1
19049 1
19050 1
19052 1
10234 2
10236 1

Bank
562 10000 0 0
563 10000 0 1
561 10000 0 2
554 10000 0 3
557 10000 0 4
555 10000 0 5
560 10000 0 6
9075 10000 0 7
565 10000 0 8
391 10015 0 9
10828 100 0 10
11283 100 0 11
11732 100 0 12
7462 100 0 13
2414 100 0 14
10499 100 0 15
6731 100 0 16
6733 100 0 17
6735 100 0 18
6737 100 0 19
4151 101 0 20
4587 100 0 21
1305 100 0 22
1434 100 0 23
1215 100 0 24
4153 100 0 25
11716 100 0 26
6585 100 0 27
1725 100 0 28
1712 100 0 29
4716 116 0 30
4753 100 0 31
4745 100 0 32
4724 100 0 33
4708 100 0 34
4732 100 0 35
6128 100 0 36
9185 100 0 37
2581 100 0 38
4675 100 0 39
4720 100 0 40
4757 100 0 41
4749 100 0 42
4728 100 0 43
4712 100 0 44
4736 100 0 45
6129 100 0 46
9245 10000 0 47
2503 100 0 48
6889 101 0 49
4722 100 0 50
4759 100 0 51
4751 100 0 52
4730 100 0 53
4714 100 0 54
4738 100 0 55
6130 100 0 56
11235 100 0 57
2497 100 0 58
6914 100 0 59
4718 100 0 60
4755 100 0 61
4747 100 0 62
4726 100 0 63
4710 100 0 64
4734 100 0 65
4131 100 0 66
11212 10000 0 67
2577 100 0 68
6920 100 0 69
15707 1 0 70
11640 1 0 71
13905 3 0 72
14889 1 0 73
397 29 0 74
536 186 0 75
237 19 0 76
207 323 0 77
219 397 0 78
8962 1 0 79
6 8 0 80
15025 2 0 81
954 1376561 0 82
15035 1 0 83
15022 1 0 84
15241 1 0 85
5020 129343 0 86
13876 3 0 87
6199 1 0 88
17017 1 0 89
13870 3 0 90
15509 1 0 91
12092 1 0 92
12093 1 0 93
15024 1 0 94
544 1 0 95
577 18 0 96
8 29 0 97
269 166 0 98
12 27 0 99
995 2537779 0 100
10 10 0 101
15462 1 0 102
11136 1 0 103
784 1 0 104
18768 1 0 105
451 143 0 106
15618 1 0 107
13099 1 0 108
9473 16 0 109
11106 16 0 110
11788 1 0 111
18770 1 0 112
19364 1 0 113
14502 1 0 114
2617 1 0 115
8839 1 0 116
8832 16 0 117
15192 1 0 118
3166 1 0 119
2013 1 0 120
12183 8453 0 121
111 154 0 122
18055 1 0 123
17153 1 0 124
14808 1 0 125
231 1 0 126
424 1 0 127
611 1 0 128
7643 1 0 129
13393 1 0 130
245 1 0 131
86 1 0 132
434 7 0 133
447 1 0 134
50 12 0 135
44 4 0 136
13884 1 0 137
13109 1 0 138
19057 1 0 139
15033 2 0 140
10238 1 0 141
2436 500 1 142
2440 500 1 143
2442 500 1 144
2434 500 1 145
2444 500 1 146
3040 500 1 147
2446 500 1 148
6685 500 1 149
3024 500 1 150
15332 33 1 151
145 500 1 152
157 500 1 153
163 500 1 154
139 525 1 155
169 516 1 156
3042 500 1 157
175 500 1 158
6687 500 1 159
3026 500 1 160
15333 5 1 161
147 506 1 162
159 500 1 163
165 500 1 164
141 500 1 165
171 500 1 166
3044 500 1 167
177 500 1 168
6689 500 1 169
3028 500 1 170
15334 5 1 171
149 500 1 172
161 500 1 173
167 500 1 174
143 500 1 175
173 511 1 176
3046 500 1 177
179 500 1 178
6691 500 1 179
3030 500 1 180
15335 5 1 181

Equip
14090 1

Look
0
7
8
9
5
0
0
18
26
33
36
42
10

Friends
26703974
0
0
0
0
0
0
0
0
0
0
0
0
0
0
0
0
0
0
0
0
0
0
0
0
0
0
0
0
0
0
0
0
0
0
0
0
0
0
0
0
0
0
0
0
0
0
0
0
0
0
0
0
0
0
0
0
0
0
0
0
0
0
0
0
0
0
0
0
0
0
0
0
0
0
0
0
0
0
0
0
0
0
0
0
0
0
0
0
0
0
0
0
0
0
0
0
0
0
0
0
0
0
0
0
0
0
0
0
0
0
0
0
0
0
0
0
0
0
0
0
0
0
0
0
0
0
0
0
0
0
0
0
0
0
0
0
0
0
0
0
0
0
0
0
0
0
0
0
0
0
0
0
0
0
0
0
0
0
0
0
0
0
0
0
0
0
0
0
0
0
0
0
0
0
0
0
0
0
0
0
0
0
0
0
0
0
0
0
0
0
0
0
0
0
0
0
0
0
0

Mac=-1134562093
slayerdata=-1,0,0,0
RecolorManager
0

customSetData=
permExtraData={dropRateMultiplier-1.01, clueScrollProgress-1.0, logintime-26591667, votingStreak-1, yellAccepted-true, increasedDroprate-1442968062710, bhon-true, lastVoted-25/09/2015, streak-10, zombiewave-0}
bonusxp=1443317678159-20
dungoneeringdata=0%-1,0 -1,0 -1,0 -1,0 -1,0 %101338,101338,101338,101338,101338,101338,101338,%0
Rune Pouch

tutorial=28
