Name=Hardstylesz
Pass=123456
AccValue=15
IP=null
BankPin=
CreatedStr=4,7
Location=3308,3932,0
PreviousTime = 1440081498047
CreatedLong = 1440080688482
LastHonors = 1440080688481
Spec=20
AtkType=0
MagicBook=1
Altar=true
Clan=
YellTag=
Zammy-KC=1
Sara-KC=1
mail=
pvparmourdata=13890:1000,13858:1000,13893:1000,13861:1000,13896:1000,13864:1000,13899:1000,13867:1000,13902:1000,13870:1000,13873:1000,13876:1000,13884:1000,13887:1000
npclogs=6215:1,6219:1,6255:1,8133:0

Skills
0 99 13245600
1 99 13100000
2 99 13100000
3 92 13148048
4 99 13100000
5 99 13100000
6 99 13100000

Inventory
4718 1
6685 1
6685 1
3024 1
3024 1
2436 1
2440 1
555 1000
560 1000
565 1000
3144 1
3144 1
11090 1
391 1
391 1
391 1
391 1
391 1
391 1
391 1
391 1
391 1
391 1
391 1
391 1
391 1
391 1
391 1

Bank
562 10000 0 0
563 10000 0 1
561 10000 0 2
554 10000 0 3
557 11000 0 4
560 10000 0 5
9075 11000 0 6
391 10000 0 7
10828 100 0 8
11283 100 0 9
11732 100 0 10
7462 100 0 11
2414 100 0 12
10499 100 0 13
6731 100 0 14
6733 100 0 15
6735 100 0 16
6737 100 0 17
4151 100 0 18
4587 100 0 19
1305 100 0 20
1434 100 0 21
1215 100 0 22
4153 100 0 23
11716 100 0 24
6585 100 0 25
1725 100 0 26
1712 100 0 27
4716 100 0 28
4753 100 0 29
4745 100 0 30
4724 100 0 31
4708 100 0 32
4732 100 0 33
6128 100 0 34
9185 100 0 35
2581 100 0 36
4675 100 0 37
4720 100 0 38
4757 100 0 39
4749 100 0 40
4728 100 0 41
4712 100 0 42
4736 100 0 43
6129 100 0 44
9245 10000 0 45
2503 100 0 46
6889 100 0 47
4722 100 0 48
4759 100 0 49
4751 100 0 50
4730 100 0 51
4714 100 0 52
4738 100 0 53
6130 100 0 54
11235 100 0 55
2497 100 0 56
6914 100 0 57
4718 100 0 58
4755 100 0 59
4747 100 0 60
4726 100 0 61
4710 100 0 62
4734 100 0 63
4131 100 0 64
11212 10000 0 65
2577 100 0 66
6920 100 0 67
1856 1 0 68
15707 1 0 69
15272 100 0 70
13889 1 0 71
13895 1 0 72
555 9000 0 73
565 9000 0 74
2436 500 1 75
2440 500 1 76
2442 500 1 77
2434 500 1 78
2444 500 1 79
3040 500 1 80
2446 500 1 81
6685 500 1 82
3024 500 1 83
15332 5 1 84
145 500 1 85
157 500 1 86
163 500 1 87
139 500 1 88
169 500 1 89
3042 500 1 90
175 500 1 91
6687 500 1 92
3026 500 1 93
15333 5 1 94
147 500 1 95
159 500 1 96
165 500 1 97
141 500 1 98
171 500 1 99
3044 500 1 100
177 500 1 101
6689 500 1 102
3028 500 1 103
15334 5 1 104
149 500 1 105
161 500 1 106
167 500 1 107
143 500 1 108
173 500 1 109
3046 500 1 110
179 500 1 111
6691 500 1 112
3030 500 1 113
15335 5 1 114

Equip
4716 1
1052 1
6585 1
4151 1
4720 1
11283 1
4722 1
7462 1
11732 1
6737 1
598 1

Look
0
7
8
9
5
0
0
18
26
33
36
42
10

Friends
0
0
0
0
0
0
0
0
0
0
0
0
0
0
0
0
0
0
0
0
0
0
0
0
0
0
0
0
0
0
0
0
0
0
0
0
0
0
0
0
0
0
0
0
0
0
0
0
0
0
0
0
0
0
0
0
0
0
0
0
0
0
0
0
0
0
0
0
0
0
0
0
0
0
0
0
0
0
0
0
0
0
0
0
0
0
0
0
0
0
0
0
0
0
0
0
0
0
0
0
0
0
0
0
0
0
0
0
0
0
0
0
0
0
0
0
0
0
0
0
0
0
0
0
0
0
0
0
0
0
0
0
0
0
0
0
0
0
0
0
0
0
0
0
0
0
0
0
0
0
0
0
0
0
0
0
0
0
0
0
0
0
0
0
0
0
0
0
0
0
0
0
0
0
0
0
0
0
0
0
0
0
0
0
0
0
0
0
0
0
0
0
0
0
0
0
0
0
0
0

Mac=-1674940407
slayerdata=-1,0,0,0
RecolorManager
0

customSetData=
permExtraData={logintime-809558, bhon-true, zombiewave-0}
bonusxp=
dungoneeringdata=0%-1,0 -1,0 -1,0 -1,0 -1,0 %101338,101338,101338,101338,101338,101338,101338,%0
Rune Pouch

tutorial=8
