Name=Hoof
Pass=spliff
IP=null
BankPin=
CreatedStr=2,7
Location=2947,3379,0
PreviousTime = 1439859609945
CreatedLong = 1439859459197
LastHonors = 1439859459197
Spec=40
Clan=
YellTag=
mail=
pvparmourdata=13890:1000,13858:1000,13893:1000,13861:1000,13896:1000,13864:1000,13899:1000,13867:1000,13902:1000,13870:1000,13873:1000,13876:1000,13884:1000,13887:1000
npclogs=8133:0

Skills
0 99 13100000
1 99 13100000
2 99 13100000
3 99 13100000
4 99 13100000
5 99 13100000
6 99 13100000

Inventory
15707 1

Bank

Equip

Look
0
12
16
5
0
0
7
18
26
33
40
42
12

Friends
0
0
0
0
0
0
0
0
0
0
0
0
0
0
0
0
0
0
0
0
0
0
0
0
0
0
0
0
0
0
0
0
0
0
0
0
0
0
0
0
0
0
0
0
0
0
0
0
0
0
0
0
0
0
0
0
0
0
0
0
0
0
0
0
0
0
0
0
0
0
0
0
0
0
0
0
0
0
0
0
0
0
0
0
0
0
0
0
0
0
0
0
0
0
0
0
0
0
0
0
0
0
0
0
0
0
0
0
0
0
0
0
0
0
0
0
0
0
0
0
0
0
0
0
0
0
0
0
0
0
0
0
0
0
0
0
0
0
0
0
0
0
0
0
0
0
0
0
0
0
0
0
0
0
0
0
0
0
0
0
0
0
0
0
0
0
0
0
0
0
0
0
0
0
0
0
0
0
0
0
0
0
0
0
0
0
0
0
0
0
0
0
0
0
0
0
0
0
0
0

Mac=945846160
slayerdata=-1,0,0,0
RecolorManager
0

customSetData=
permExtraData={logintime-150737, bhon-true, zombiewave-0}
bonusxp=
dungoneeringdata=0%-1,0 -1,0 -1,0 -1,0 -1,0 %101338,101338,101338,101338,101338,101338,101338,%0
Rune Pouch

tutorial=4
