Name=Hypnotic
Pass=abc
Salt=null
AccValue=45409
IP=/109.128.18.245:61725
BankPin=null
InitialSource=0
Rank = 49
CreatedStr=2,7
Location=3262,3280,0
Elo=1277
PreviousTime = 1443362166662
CreatedLong = 1439307037044
LastHonors = 1443355905861
Spec=100
MagicBook=1
Altar=true
Clan=
YellTag=
DonatorsBought=50000
DonatorPoints=14302
PkPoints=148451
HonorPoints=74
EP=18
KillCount=23
DeathCount=19
LastVoted = 1442949440039
pvptask=3
pvptaskamount=14
elopeak=1300
mail=
pvparmourdata=13889:1000,13890:1000,13858:1000,13893:258,13861:1000,13895:1000,13896:806,13864:1000,13899:981,13867:1000,13902:1000,13870:1000,13873:1000,13876:1000,13884:1000,13887:264
bhpoints=1
npclogs=1:3,81:22,397:5,1767:5,8133:0

Skills
0 99 13130144
1 99 13130144
2 99 13073364
3 99 13292942
4 99 13100464
5 99 13100000
6 99 13476167
16 19 4376
22 13 2000

Inventory
4151 1
8850 1
1215 1
3751 1
4736 1
6570 1
19111 1
10551 1
6130 1
4131 1
4720 1
4722 1
4587 1
560 1766
4153 1
565 2864
555 652
3062 16
11259 1
11238 1

Bank
562 10000 0 0
563 10000 0 1
561 10000 0 2
554 10000 0 3
557 10990 0 4
555 12907 0 5
560 13936 0 6
9075 10996 0 7
565 12964 0 8
391 9986 0 9
10828 100 0 10
11283 100 0 11
11732 100 0 12
7462 101 0 13
2414 99 0 14
10499 100 0 15
6731 100 0 16
6733 100 0 17
6735 100 0 18
6737 100 0 19
4151 101 0 20
4587 99 0 21
1305 100 0 22
1434 100 0 23
1215 100 0 24
4153 99 0 25
11716 100 0 26
6585 101 0 27
1725 100 0 28
1712 100 0 29
4716 101 0 30
4753 100 0 31
4745 100 0 32
4724 100 0 33
4708 100 0 34
4732 100 0 35
6128 100 0 36
9185 100 0 37
2581 100 0 38
4675 101 0 39
4720 100 0 40
4757 100 0 41
4749 100 0 42
4728 101 0 43
4712 100 0 44
4736 99 0 45
6129 100 0 46
9245 10000 0 47
2503 100 0 48
6889 99 0 49
4722 100 0 50
4759 100 0 51
4751 100 0 52
4730 101 0 53
4714 100 0 54
4738 100 0 55
6130 99 0 56
11235 100 0 57
2497 100 0 58
6914 99 0 59
4718 100 0 60
4755 100 0 61
4747 100 0 62
4726 100 0 63
4710 100 0 64
4734 100 0 65
4131 99 0 66
11212 10000 0 67
2577 100 0 68
6920 101 0 69
15707 1 0 70
1856 1 0 71
3144 1 0 72
598 1 0 73
1052 1 0 74
13887 2 0 75
13893 2 0 76
13884 4 0 77
13890 3 0 78
13896 3 0 79
7510 1 0 80
861 1 0 81
16425 1 0 82
15773 1 0 83
3105 1 0 84
16909 1 0 85
19714 1 0 86
19715 1 0 87
16359 1 0 88
892 9928 0 89
14484 1 0 90
16403 1 0 91
16955 1 0 92
13899 1 0 93
2436 500 1 94
2440 500 1 95
2442 500 1 96
2434 500 1 97
2444 500 1 98
3040 500 1 99
2446 500 1 100
6685 497 1 101
3024 485 1 102
145 500 1 103
157 500 1 104
163 500 1 105
139 500 1 106
169 500 1 107
3042 500 1 108
175 500 1 109
6687 500 1 110
3026 502 1 111
15333 8 1 112
147 500 1 113
159 500 1 114
165 500 1 115
141 500 1 116
171 500 1 117
3044 500 1 118
177 500 1 119
6689 500 1 120
3028 503 1 121
15334 6 1 122
149 500 1 123
161 500 1 124
167 500 1 125
143 500 1 126
173 500 1 127
3046 500 1 128
179 500 1 129
6691 502 1 130
3030 501 1 131
15335 5 1 132

Equip
10828 1
2414 1
6585 1
6914 1
4712 1
6889 1
4714 1
7462 1
11732 1
6737 1

Look
0
7
8
9
5
0
0
18
26
33
36
42
10

Friends
671222
371351
13895
11523564
19021594
26703974
0
0
0
0
0
0
0
0
0
0
0
0
0
0
0
0
0
0
0
0
0
0
0
0
0
0
0
0
0
0
0
0
0
0
0
0
0
0
0
0
0
0
0
0
0
0
0
0
0
0
0
0
0
0
0
0
0
0
0
0
0
0
0
0
0
0
0
0
0
0
0
0
0
0
0
0
0
0
0
0
0
0
0
0
0
0
0
0
0
0
0
0
0
0
0
0
0
0
0
0
0
0
0
0
0
0
0
0
0
0
0
0
0
0
0
0
0
0
0
0
0
0
0
0
0
0
0
0
0
0
0
0
0
0
0
0
0
0
0
0
0
0
0
0
0
0
0
0
0
0
0
0
0
0
0
0
0
0
0
0
0
0
0
0
0
0
0
0
0
0
0
0
0
0
0
0
0
0
0
0
0
0
0
0
0
0
0
0
0
0
0
0
0
0

Mac=751852234
slayerdata=-1,0,0,0
RecolorManager
0

customSetData=
permExtraData={logintime-10617082, votingStreak-150, loweredYellTimer-1442952904881, yellAccepted-true, yelltimur-1440621629316, wrath-true, yellReduction-0.99, bhon-true, lastVoted-22/09/2015, streak-5, zombiewave-0}
bonusxp=
dungoneeringdata=0%-1,0 -1,0 -1,0 -1,0 -1,0 %101338,101338,101338,101338,101338,101338,101338,%0
Rune Pouch

tutorial=28
