Name=Ipker
Pass=newpassword
AccValue=200
IP=/87.114.130.2:50783
BankPin=
CreatedStr=0,7
Location=3087,3491,0
PreviousTime = 1440954821351
CreatedLong = 1440954574395
LastHonors = 1440954574395
Spec=70
Clan=
YellTag=
mail=
pvparmourdata=13889:1000,13890:1000,13858:1000,13893:1000,13861:1000,13895:1000,13896:1000,13864:1000,13899:1000,13867:1000,13902:1000,13870:1000,13873:1000,13876:1000,13884:1000,13887:1000
npclogs=1:1,8133:0

Skills
0 99 13100000
1 99 13100000
2 99 13103200
3 99 13101056
4 99 13100000
5 99 13100000
6 99 13100000

Inventory
15707 1
15273 200
6570 1
10551 1
1856 1
1231 1
1856 1

Bank
562 20000 0 0
563 20000 0 1
561 20000 0 2
554 20000 0 3
557 20000 0 4
555 20000 0 5
560 20000 0 6
9075 20000 0 7
565 20000 0 8
391 20000 0 9
10828 200 0 10
11283 200 0 11
11732 200 0 12
7462 200 0 13
2414 200 0 14
10499 200 0 15
6731 200 0 16
6733 200 0 17
6735 200 0 18
6737 200 0 19
4151 200 0 20
4587 200 0 21
1305 200 0 22
1434 200 0 23
1215 200 0 24
4153 200 0 25
11716 200 0 26
6585 200 0 27
1725 200 0 28
1712 200 0 29
4716 200 0 30
4753 200 0 31
4745 200 0 32
4724 200 0 33
4708 200 0 34
4732 200 0 35
6128 200 0 36
9185 200 0 37
2581 200 0 38
4675 200 0 39
4720 200 0 40
4757 200 0 41
4749 200 0 42
4728 200 0 43
4712 200 0 44
4736 200 0 45
6129 200 0 46
9245 20000 0 47
2503 200 0 48
6889 200 0 49
4722 200 0 50
4759 200 0 51
4751 200 0 52
4730 200 0 53
4714 200 0 54
4738 200 0 55
6130 200 0 56
11235 200 0 57
2497 200 0 58
6914 200 0 59
4718 200 0 60
4755 200 0 61
4747 200 0 62
4726 200 0 63
4710 200 0 64
4734 200 0 65
4131 200 0 66
11212 20000 0 67
2577 200 0 68
6920 200 0 69
2436 1000 1 70
2440 1000 1 71
2442 1000 1 72
2434 1000 1 73
2444 1000 1 74
3040 1000 1 75
2446 1000 1 76
6685 1000 1 77
3024 1000 1 78
15332 10 1 79
145 1000 1 80
157 1000 1 81
163 1000 1 82
139 1000 1 83
169 1000 1 84
3042 1000 1 85
175 1000 1 86
6687 1000 1 87
3026 1000 1 88
15333 10 1 89
147 1000 1 90
159 1000 1 91
165 1000 1 92
141 1000 1 93
171 1000 1 94
3044 1000 1 95
177 1000 1 96
6689 1000 1 97
3028 1000 1 98
15334 10 1 99
149 1000 1 100
161 1000 1 101
167 1000 1 102
143 1000 1 103
173 1000 1 104
3046 1000 1 105
179 1000 1 106
6691 1000 1 107
3030 1000 1 108
15335 10 1 109

Equip
6570 1
10551 1

Look
0
7
8
9
5
0
0
18
26
33
36
42
10

Friends
0
0
0
0
0
0
0
0
0
0
0
0
0
0
0
0
0
0
0
0
0
0
0
0
0
0
0
0
0
0
0
0
0
0
0
0
0
0
0
0
0
0
0
0
0
0
0
0
0
0
0
0
0
0
0
0
0
0
0
0
0
0
0
0
0
0
0
0
0
0
0
0
0
0
0
0
0
0
0
0
0
0
0
0
0
0
0
0
0
0
0
0
0
0
0
0
0
0
0
0
0
0
0
0
0
0
0
0
0
0
0
0
0
0
0
0
0
0
0
0
0
0
0
0
0
0
0
0
0
0
0
0
0
0
0
0
0
0
0
0
0
0
0
0
0
0
0
0
0
0
0
0
0
0
0
0
0
0
0
0
0
0
0
0
0
0
0
0
0
0
0
0
0
0
0
0
0
0
0
0
0
0
0
0
0
0
0
0
0
0
0
0
0
0
0
0
0
0
0
0

Mac=-189275406
slayerdata=-1,0,0,0
RecolorManager
0

customSetData=
permExtraData={logintime-246951, bhon-true, zombiewave-0}
bonusxp=
dungoneeringdata=0%-1,0 -1,0 -1,0 -1,0 -1,0 %101338,101338,101338,101338,101338,101338,101338,%0
Rune Pouch

tutorial=8
