Name=Jesse
Pass=joujou
Salt=null
AccValue=1253
IP=/85.76.118.251:34536
BankPin=null
InitialSource=0
Rank = 49
CreatedStr=3,7
Location=3088,3521,0
Elo=1184
PreviousTime = 1442236730236
CreatedLong = 1440611837518
LastHonors = 1442236008034
Spec=100
Clan=
YellTag=
DonatorsBought=10000
DonatorPoints=27
PkPoints=182490
EP=100
DeathCount=1
mail=
pvparmourdata=13889:1000,13890:1000,13858:1000,13893:737,13861:1000,13895:1000,13896:737,13864:1000,13899:1000,13867:1000,13902:1000,13870:1000,13873:1000,13876:1000,13884:1000,13887:737
npclogs=8133:0

Skills
0 99 13100000
1 99 13100000
2 99 13127976
3 99 13109078
4 99 13100000
5 99 13100000
6 99 13100000

Inventory
1215 1

Bank
562 10000 0 0
563 10000 0 1
561 10000 0 2
554 10000 0 3
557 10000 0 4
555 10000 0 5
560 10000 0 6
9075 10000 0 7
565 10000 0 8
391 10000 0 9
10828 100 0 10
11283 100 0 11
11732 100 0 12
7462 101 0 13
2414 100 0 14
10499 101 0 15
6731 100 0 16
6733 101 0 17
6735 100 0 18
6737 100 0 19
4151 100 0 20
4587 100 0 21
1305 100 0 22
1434 101 0 23
1215 101 0 24
4153 100 0 25
11716 100 0 26
6585 101 0 27
1725 101 0 28
1712 100 0 29
4716 100 0 30
4753 100 0 31
4745 100 0 32
4724 100 0 33
4708 100 0 34
4732 99 0 35
6128 100 0 36
9185 100 0 37
2581 100 0 38
4675 100 0 39
4720 100 0 40
4757 100 0 41
4749 100 0 42
4728 100 0 43
4712 100 0 44
4736 100 0 45
6129 100 0 46
9245 10000 0 47
2503 100 0 48
6889 100 0 49
4722 100 0 50
4759 100 0 51
4751 100 0 52
4730 100 0 53
4714 100 0 54
4738 100 0 55
6130 100 0 56
11235 100 0 57
2497 100 0 58
6914 100 0 59
4718 100 0 60
4755 100 0 61
4747 100 0 62
4726 100 0 63
4710 100 0 64
4734 100 0 65
4131 100 0 66
11212 10000 0 67
2577 101 0 68
6920 100 0 69
15707 1 0 70
1856 1 0 71
10550 1 0 72
2516 1 0 73
11694 1 0 74
14876 10 0 75
14889 10 0 76
14888 6 0 77
13890 7 0 78
14887 11 0 79
14879 5 0 80
13902 9 0 81
13861 8 0 82
13858 2 0 83
13893 12 0 84
13867 11 0 85
13889 8 0 86
14885 9 0 87
13896 7 0 88
13876 7 0 89
14881 4 0 90
14880 9 0 91
13873 8 0 92
14878 11 0 93
13870 4 0 94
13887 7 0 95
13905 5 0 96
13884 5 0 97
18351 1 0 98
13864 8 0 99
18349 1 0 100
19111 1 0 101
4740 1000 0 102
2436 500 1 103
2440 500 1 104
2442 500 1 105
2434 500 1 106
2444 500 1 107
3040 500 1 108
2446 500 1 109
6685 500 1 110
3024 501 1 111
15332 9 1 112
145 500 1 113
157 500 1 114
163 500 1 115
139 500 1 116
169 500 1 117
3042 500 1 118
175 500 1 119
6687 500 1 120
3026 501 1 121
15333 5 1 122
147 500 1 123
159 500 1 124
165 500 1 125
141 500 1 126
171 500 1 127
3044 500 1 128
177 500 1 129
6689 500 1 130
3028 500 1 131
15334 5 1 132
149 500 1 133
161 500 1 134
167 500 1 135
143 500 1 136
173 500 1 137
3046 500 1 138
179 500 1 139
6691 500 1 140
3030 501 1 141
15335 5 1 142

Equip

Look
0
7
8
9
5
0
0
18
26
33
36
42
10

Friends
824734706366
13895
0
0
0
0
0
0
0
0
0
0
0
0
0
0
0
0
0
0
0
0
0
0
0
0
0
0
0
0
0
0
0
0
0
0
0
0
0
0
0
0
0
0
0
0
0
0
0
0
0
0
0
0
0
0
0
0
0
0
0
0
0
0
0
0
0
0
0
0
0
0
0
0
0
0
0
0
0
0
0
0
0
0
0
0
0
0
0
0
0
0
0
0
0
0
0
0
0
0
0
0
0
0
0
0
0
0
0
0
0
0
0
0
0
0
0
0
0
0
0
0
0
0
0
0
0
0
0
0
0
0
0
0
0
0
0
0
0
0
0
0
0
0
0
0
0
0
0
0
0
0
0
0
0
0
0
0
0
0
0
0
0
0
0
0
0
0
0
0
0
0
0
0
0
0
0
0
0
0
0
0
0
0
0
0
0
0
0
0
0
0
0
0
0
0
0
0
0
0

Mac=207648284
slayerdata=-1,0,0,0
RecolorManager
0

customSetData=
permExtraData={logintime-2435517, bhon-true, zombiewave-0}
bonusxp=
dungoneeringdata=0%-1,0 -1,0 -1,0 -1,0 -1,0 %101338,101338,101338,101338,101338,101338,101338,%0
Rune Pouch

tutorial=28
