Name=Jet
Pass=iwilldoit
Salt=null
AccValue=211813
IP=/72.83.67.120:58474
BankPin=null
InitialSource=0
Rank = 536936501
CreatedStr=0,7
Location=3088,3498,0
Elo=10000
PreviousTime = 1442705655685
CreatedLong = 1440301577308
LastHonors = 1442697577416
Spec=100
MagicBook=1
Altar=true
Clan=
YellTag=
DonatorsBought=210000
DonatorPoints=18925
PkPoints=27
HonorPoints=93029
EP=100
KillStreak=1
KillCount=12
elopeak=10000
mail=
pvparmourdata=13889:1000,13890:1000,13858:1000,13893:552,13861:1000,13895:1000,13896:1000,13864:1000,13899:717,13867:1000,13902:938,13870:1000,13873:1000,13876:1000,13884:1000,13887:737
npclogs=50:1,83:9,8133:0

Skills
0 99 13100467
1 99 13100467
2 99 13376393
3 99 13166013
4 99 13136048
5 99 13100000
6 99 13106998
23 99 13034436

Inventory
11235 1
11212 999
3842 1
17061 1
8850 1
2577 1
18357 1
17193 1
17339 1
11665 1
8839 1
8840 1
11664 1
4749 1
4751 1
8842 1
1038 1
4753 1
1042 1
1044 1
12790 1
12790 1
12790 1
12790 1
12790 1
12790 1
12790 1
1351 1

Bank
562 10000 0 0
563 10000 0 1
561 10000 0 2
554 10000 0 3
557 10980 0 4
555 10799 0 5
560 11862 0 6
9075 10992 0 7
565 10926 0 8
391 10014 0 9
10828 100 0 10
11283 101 0 11
11732 101 0 12
7462 102 0 13
2414 100 0 14
10499 102 0 15
6731 100 0 16
6733 102 0 17
6735 100 0 18
6737 102 0 19
4151 101 0 20
4587 100 0 21
1305 100 0 22
1434 101 0 23
1215 100 0 24
4153 100 0 25
11716 99 0 26
6585 102 0 27
1725 100 0 28
1712 100 0 29
4716 101 0 30
4753 99 0 31
4745 100 0 32
4724 100 0 33
4708 100 0 34
4732 100 0 35
6128 100 0 36
9185 101 0 37
2581 102 0 38
4675 101 0 39
4720 101 0 40
4757 100 0 41
4749 99 0 42
4728 100 0 43
4712 100 0 44
4736 99 0 45
6129 100 0 46
9245 20000 0 47
2503 100 0 48
6889 101 0 49
4722 101 0 50
4759 100 0 51
4751 99 0 52
4730 100 0 53
4714 100 0 54
4738 99 0 55
6130 100 0 56
11235 100 0 57
2497 102 0 58
6914 100 0 59
4718 101 0 60
4755 100 0 61
4747 100 0 62
4726 100 0 63
4710 100 0 64
4734 100 0 65
4131 100 0 66
11212 20000 0 67
2577 101 0 68
6920 100 0 69
1856 1 0 70
3144 2 0 71
11090 1 0 72
1052 1 0 73
598 1 0 74
19713 1 0 75
17564 6 0 76
1129 2 0 77
3842 1 0 78
7459 2 0 79
15707 1 0 80
861 2 0 81
13887 1 0 82
14484 1 0 83
868 9981 0 84
13902 1 0 85
3105 1 0 86
5698 1 0 87
15486 1 0 88
11694 1 0 89
13893 1 0 90
892 865 0 91
13899 1 0 92
2436 501 1 93
2440 501 1 94
2442 500 1 95
2434 500 1 96
2444 500 1 97
3040 500 1 98
2446 500 1 99
6685 502 1 100
3024 501 1 101
15332 9 1 102
145 500 1 103
157 500 1 104
163 500 1 105
139 500 1 106
169 500 1 107
3042 500 1 108
175 500 1 109
6687 500 1 110
3026 501 1 111
15333 5 1 112
147 500 1 113
159 500 1 114
165 500 1 115
141 500 1 116
171 500 1 117
3044 500 1 118
177 500 1 119
6689 500 1 120
3028 500 1 121
15334 6 1 122
149 500 1 123
161 500 1 124
167 500 1 125
143 500 1 126
173 500 1 127
3046 500 1 128
179 500 1 129
6691 500 1 130
3030 500 1 131
15335 5 1 132

Equip
1040 1
19111 1
6585 1
11716 1
4736 1
4738 1
7462 1
19816 1
6737 1
9244 943

Look
0
7
8
9
5
0
0
18
26
33
36
42
10

Friends
35892641
671222
0
0
0
0
0
0
0
0
0
0
0
0
0
0
0
0
0
0
0
0
0
0
0
0
0
0
0
0
0
0
0
0
0
0
0
0
0
0
0
0
0
0
0
0
0
0
0
0
0
0
0
0
0
0
0
0
0
0
0
0
0
0
0
0
0
0
0
0
0
0
0
0
0
0
0
0
0
0
0
0
0
0
0
0
0
0
0
0
0
0
0
0
0
0
0
0
0
0
0
0
0
0
0
0
0
0
0
0
0
0
0
0
0
0
0
0
0
0
0
0
0
0
0
0
0
0
0
0
0
0
0
0
0
0
0
0
0
0
0
0
0
0
0
0
0
0
0
0
0
0
0
0
0
0
0
0
0
0
0
0
0
0
0
0
0
0
0
0
0
0
0
0
0
0
0
0
0
0
0
0
0
0
0
0
0
0
0
0
0
0
0
0
0
0
0
0
0
0

Mac=16765898
slayerdata=-1,0,0,0
RecolorManager
0

customSetData=
permExtraData={logintime-10867228, yellAccepted-true, bhon-true, zombiewave-0}
bonusxp=
dungoneeringdata=0%-1,0 -1,0 -1,0 -1,0 -1,0 %101338,101338,101338,101338,101338,101338,101338,%0
Rune Pouch

tutorial=28
