Name=Joe
Pass=342342
AccValue=76039
IP=null
BankPin=
Rank = 167772213
CreatedStr=0,7
Location=2535,4712,0
Elo=51184
PreviousTime = 1440312173108
CreatedLong = 1440307950595
LastHonors = 1440307950595
Spec=100
AtkType=3
MagicBook=1
Altar=true
Clan=
YellTag=
DonatorsBought=75000
DonatorPoints=42909
PkPoints=47148
HonorPoints=48481
Skull=988
EP=33
KillCount=14
DeathCount=1
elopeak=51200
mail=
pvparmourdata=13890:785,13858:1000,13893:970,13861:1000,13896:1000,13864:1000,13899:1000,13867:1000,13902:1000,13870:1000,13873:1000,13876:1000,13884:1000,13887:967
bhpoints=1
npclogs=8133:0

Skills
0 125 13100729
1 125 13100729
2 125 13101937
3 99 13104365
4 122 13106540
5 85 13100000
6 105 13113568

Inventory
560 3250
565 3618
555 2875
15334 1
3026 1
3028 1
6691 1
6691 1
6689 1
15486 1
4714 1
4712 1
6889 1
3026 1
5680 1
15442 1

Bank
15707 1 0 0
16359 1 0 1
19717 1 0 2
19718 1 0 3
13887 2 0 4
13893 2 0 5
13884 1 0 6
16955 1 0 7
2436 1 0 8
2440 1 0 9
3040 1 0 10
4749 1 0 11
4151 1 0 12
11732 1 0 13
391 8 0 14
4751 1 0 15
3144 99993 0 16
6914 1 0 17
6920 1 0 18
15332 13 0 19
3024 10 0 20
6685 13092 0 21
15272 123054 0 22
3026 7 0 23
3030 4 0 24
8010 1312 0 25
3028 3 0 26
6687 4 0 27
6691 2 0 28
15334 3 0 29
13740 1 0 30
6689 8 0 31
15335 2 0 32
19721 1 0 33
19720 1 0 34
19714 1 0 35
19715 1 0 36
14484 1 0 37
18335 1 0 38
19816 1 0 39
13663 6 0 40
13742 1 0 41
13738 1 0 42
18355 1 0 43
11694 1 0 44
2414 1 0 45

Equip
10828 1
19111 1
6585 1
18357 1
4736 1
11283 1
13890 1
7462 1
19815 1
6737 1
9245 9823

Look
0
7
8
9
5
0
0
18
26
33
36
42
10

Friends
7803107144
671222
0
0
0
0
0
0
0
0
0
0
0
0
0
0
0
0
0
0
0
0
0
0
0
0
0
0
0
0
0
0
0
0
0
0
0
0
0
0
0
0
0
0
0
0
0
0
0
0
0
0
0
0
0
0
0
0
0
0
0
0
0
0
0
0
0
0
0
0
0
0
0
0
0
0
0
0
0
0
0
0
0
0
0
0
0
0
0
0
0
0
0
0
0
0
0
0
0
0
0
0
0
0
0
0
0
0
0
0
0
0
0
0
0
0
0
0
0
0
0
0
0
0
0
0
0
0
0
0
0
0
0
0
0
0
0
0
0
0
0
0
0
0
0
0
0
0
0
0
0
0
0
0
0
0
0
0
0
0
0
0
0
0
0
0
0
0
0
0
0
0
0
0
0
0
0
0
0
0
0
0
0
0
0
0
0
0
0
0
0
0
0
0
0
0
0
0
0
0

Mac=1986382
slayerdata=-1,0,0,0
RecolorManager
0

customSetData=
permExtraData={logintime-4222508, yellAccepted-true, yelltimur-1440309529998, bhon-true, zombiewave-0}
bonusxp=
dungoneeringdata=0%-1,0 -1,0 -1,0 -1,0 -1,0 %101338,101338,101338,101338,101338,101338,101338,%0
Rune Pouch

