Name=Jorik
Pass=noobtube6
AccValue=13394
IP=/83.128.145.179:61409
BankPin=null
Rank = 335546161
CreatedStr=0,7
Location=2851,3541,0
PreviousTime = 1439477706759
CreatedLong = 1439140076302
LastHonors = 1439475310184
Spec=100
Trivia=true
Altar=true
Clan=
YellTag=
DonatorsBought=200000
DonatorPoints=27
PkPoints=3862
mail=
pvparmourdata=13890:1000,13858:1000,13893:1000,13861:1000,13896:865,13864:1000,13899:1000,13867:1000,13902:1000,13870:1000,13873:1000,13876:1000,13884:1000,13887:1000
npclogs=50:2,8133:0,9463:4

Skills
0 99 13100000
1 99 13100000
2 99 15470400
3 99 13882232
4 99 13100000
5 99 13100000
6 99 13100000

Inventory
19715 1
19714 1
16403 1
19111 1

Bank
562 10000 0 0
563 10000 0 1
561 10000 0 2
554 10000 0 3
557 10000 0 4
555 10000 0 5
560 10000 0 6
9075 10000 0 7
565 10000 0 8
391 9967 0 9
10828 100 0 10
11283 100 0 11
11732 100 0 12
7462 100 0 13
2414 100 0 14
10499 100 0 15
6731 100 0 16
6733 100 0 17
6735 100 0 18
6737 100 0 19
4151 100 0 20
4587 100 0 21
1305 100 0 22
1434 100 0 23
1215 100 0 24
4153 100 0 25
11716 100 0 26
6585 100 0 27
1725 100 0 28
1712 100 0 29
4716 100 0 30
4753 100 0 31
4745 100 0 32
4724 100 0 33
4708 100 0 34
4732 100 0 35
6128 100 0 36
9185 100 0 37
2581 100 0 38
4675 100 0 39
4720 100 0 40
4757 100 0 41
4749 100 0 42
4728 100 0 43
4712 100 0 44
4736 100 0 45
6129 100 0 46
9245 10000 0 47
2503 100 0 48
6889 100 0 49
4722 100 0 50
4759 100 0 51
4751 100 0 52
4730 100 0 53
4714 100 0 54
4738 100 0 55
6130 100 0 56
11235 100 0 57
2497 100 0 58
6914 100 0 59
4718 100 0 60
4755 100 0 61
4747 100 0 62
4726 100 0 63
4710 100 0 64
4734 100 0 65
4131 100 0 66
11212 10000 0 67
2577 100 0 68
6920 100 0 69
15707 1 0 70
14879 2 0 71
14888 1 0 72
14876 2 0 73
13867 3 0 74
13861 2 0 75
1055 1 0 76
14878 1 0 77
14881 2 0 78
13873 1 0 79
14484 1 0 80
14889 3 0 81
13870 1 0 82
13896 5 0 83
13893 3 0 84
18359 1 0 85
13887 1 0 86
13902 1 0 87
13890 1 0 88
14887 1 0 89
14885 2 0 90
13858 3 0 91
1050 2 0 92
13889 1 0 93
17564 1 0 94
2436 500 1 95
2440 500 1 96
2442 500 1 97
2434 500 1 98
2444 500 1 99
3040 500 1 100
2446 500 1 101
6685 500 1 102
3024 498 1 103
15332 24 1 104
145 500 1 105
157 500 1 106
163 500 1 107
139 500 1 108
169 500 1 109
3042 500 1 110
175 500 1 111
6687 500 1 112
3026 500 1 113
15333 5 1 114
147 500 1 115
159 500 1 116
165 500 1 117
141 500 1 118
171 500 1 119
3044 500 1 120
177 500 1 121
6689 500 1 122
3028 500 1 123
15334 6 1 124
149 500 1 125
161 500 1 126
167 500 1 127
143 500 1 128
173 500 1 129
3046 500 1 130
179 500 1 131
6691 500 1 132
3030 500 1 133
15335 5 1 134

Equip

Look
0
7
8
9
5
0
0
18
26
33
36
42
10

Friends
280186584
371351
0
0
0
0
0
0
0
0
0
0
0
0
0
0
0
0
0
0
0
0
0
0
0
0
0
0
0
0
0
0
0
0
0
0
0
0
0
0
0
0
0
0
0
0
0
0
0
0
0
0
0
0
0
0
0
0
0
0
0
0
0
0
0
0
0
0
0
0
0
0
0
0
0
0
0
0
0
0
0
0
0
0
0
0
0
0
0
0
0
0
0
0
0
0
0
0
0
0
0
0
0
0
0
0
0
0
0
0
0
0
0
0
0
0
0
0
0
0
0
0
0
0
0
0
0
0
0
0
0
0
0
0
0
0
0
0
0
0
0
0
0
0
0
0
0
0
0
0
0
0
0
0
0
0
0
0
0
0
0
0
0
0
0
0
0
0
0
0
0
0
0
0
0
0
0
0
0
0
0
0
0
0
0
0
0
0
0
0
0
0
0
0
0
0
0
0
0
0

Mac=474732272
slayerdata=-1,0,0,0
RecolorManager
0

customSetData=
permExtraData={logintime-1230080, yellAccepted-true, disabledPkMessages-true, bhon-true, zombiewave-0, disabledStaffMessages-false}
bonusxp=
dungoneeringdata=0%-1,0 -1,0 -1,0 -1,0 -1,0 %101338,101338,101338,101338,101338,101338,101338,%0
Rune Pouch

tutorial=8
