Name=Justin
Pass=pineapples
AccValue=79935
IP=null
BankPin=null
Rank = 53
CreatedStr=1,7
Location=3354,3648,0
Elo=51152
PreviousTime = 1440313814366
CreatedLong = 1439850667870
LastHonors = 1440308045456
Spec=55
MagicBook=1
Altar=true
Clan=
YellTag=
DonatorsBought=30000
DonatorPoints=2728
PkPoints=18710
VotePoints=49945
HonorPoints=40255
Skull=874
EP=100
KillStreak=2
KillCount=13
DeathCount=3
elopeak=51200
mail=
pvparmourdata=13890:1000,13858:1000,13893:674,13861:1000,13896:1000,13864:1000,13899:1000,13867:1000,13902:1000,13870:1000,13873:1000,13876:1000,13884:1000,13887:981
bhpoints=2
npclogs=8133:0

Skills
0 99 13106007
1 123 13100759
2 99 13102239
3 48 13109322
4 99 13114888
5 91 13100000
6 99 13122918
17 5 400

Inventory
15335 1
18357 1
4736 1
229 1
11283 1
13893 1
1215 1
4151 1
555 2659
560 3106
565 3552

Bank
562 10420 0 0
563 10000 0 1
561 10000 0 2
554 10000 0 3
557 10000 0 4
555 16963 0 5
560 17282 0 6
9075 10000 0 7
565 17680 0 8
391 9995 0 9
10828 100 0 10
11283 100 0 11
11732 100 0 12
7462 100 0 13
2414 100 0 14
10499 100 0 15
6731 100 0 16
6733 100 0 17
6735 100 0 18
6737 100 0 19
4151 100 0 20
4587 100 0 21
1305 100 0 22
1434 100 0 23
1215 100 0 24
4153 100 0 25
11716 100 0 26
6585 100 0 27
1725 100 0 28
1712 100 0 29
4716 100 0 30
4753 100 0 31
4745 100 0 32
4724 100 0 33
4708 101 0 34
4732 100 0 35
6128 100 0 36
9185 100 0 37
2581 100 0 38
4675 100 0 39
4720 100 0 40
4757 100 0 41
4749 100 0 42
4728 100 0 43
4712 100 0 44
4736 100 0 45
6129 100 0 46
9245 10000 0 47
2503 100 0 48
6889 100 0 49
4722 100 0 50
4759 100 0 51
4751 101 0 52
4730 100 0 53
4714 100 0 54
4738 100 0 55
6130 100 0 56
11235 100 0 57
2497 100 0 58
6914 100 0 59
4718 100 0 60
4755 100 0 61
4747 100 0 62
4726 100 0 63
4710 100 0 64
4734 100 0 65
4131 100 0 66
11212 10000 0 67
2577 100 0 68
6920 100 0 69
15707 1 0 70
1856 1 0 71
15486 2 0 72
18335 2 0 73
13740 1 0 74
1057 1 0 75
13861 2 0 76
14881 1 0 77
13876 2 0 78
13858 2 0 79
13902 3 0 80
14876 1 0 81
14888 1 0 82
1055 1 0 83
14887 2 0 84
14889 1 0 85
15018 1 0 86
19714 1 0 87
13738 1 0 88
19717 1 0 89
15444 1 0 90
19720 1 0 91
13896 1 0 92
15349 1 0 93
13867 1 0 94
16359 1 0 95
13887 1 0 96
13893 1 0 97
8850 1 0 98
2293 49941 0 99
19815 1 0 100
3105 2 0 101
17061 1 0 102
17017 1 0 103
17193 1 0 104
17339 1 0 105
17215 1 0 106
19715 1 0 107
19721 1 0 108
18355 1 0 109
18363 1 0 110
2430 49 0 111
229 5 0 112
2436 500 1 113
2440 500 1 114
2442 500 1 115
2434 500 1 116
2444 500 1 117
3040 500 1 118
2446 499 1 119
6685 395 1 120
3024 445 1 121
15332 1 1 122
145 500 1 123
157 500 1 124
163 500 1 125
139 500 1 126
169 500 1 127
3042 500 1 128
175 501 1 129
6687 503 1 130
3026 504 1 131
15333 3 1 132
147 500 1 133
159 500 1 134
165 500 1 135
141 500 1 136
171 500 1 137
3044 500 1 138
177 500 1 139
6689 502 1 140
3028 502 1 141
15334 6 1 142
149 500 1 143
161 500 1 144
167 500 1 145
143 500 1 146
173 500 1 147
3046 500 1 148
179 500 1 149
6691 506 1 150
3030 502 1 151
15335 4 1 152
13744 1 1 153

Equip
16755 1
19111 1
6585 1
15486 1
4712 1
6889 1
4714 1
7462 1
16931 1
15220 1
9244 4495

Look
1
0
27
27
12
6
45
56
61
67
70
79
-1

Friends
29092670
7803107144
14250
0
0
0
0
0
0
0
0
0
0
0
0
0
0
0
0
0
0
0
0
0
0
0
0
0
0
0
0
0
0
0
0
0
0
0
0
0
0
0
0
0
0
0
0
0
0
0
0
0
0
0
0
0
0
0
0
0
0
0
0
0
0
0
0
0
0
0
0
0
0
0
0
0
0
0
0
0
0
0
0
0
0
0
0
0
0
0
0
0
0
0
0
0
0
0
0
0
0
0
0
0
0
0
0
0
0
0
0
0
0
0
0
0
0
0
0
0
0
0
0
0
0
0
0
0
0
0
0
0
0
0
0
0
0
0
0
0
0
0
0
0
0
0
0
0
0
0
0
0
0
0
0
0
0
0
0
0
0
0
0
0
0
0
0
0
0
0
0
0
0
0
0
0
0
0
0
0
0
0
0
0
0
0
0
0
0
0
0
0
0
0
0
0
0
0
0
0

Mac=-1938793866
slayerdata=-1,0,0,0
RecolorManager
0

customSetData=NEW_SET{equipment:[4708, 19111, 6585, 15486, 4712, 6889, 4714, 7462, 3105, 15220, 9244];inventory:[6685, 6685, 6685, 6685, 6685, 6685, 6685, 6685, 3024, 3024, 3024, 3024, 15335, 2293, 18357, 4736, 2293, 2293, 11283, 4751, 2293, 2293, 1215, 4151, 555, 560, 565, 2293];inventoryStackSizes:[1, 1, 1, 1, 1, 1, 1, 1, 1, 1, 1, 1, 1, 1, 1, 1, 1, 1, 1, 1, 1, 1, 1, 1, 3577, 3718, 3858, 1]}
permExtraData={logintime-10066855, bhon-true, zombiewave-0}
bonusxp=
dungoneeringdata=0%-1,0 -1,0 -1,0 -1,0 -1,0 %101338,101338,101338,101338,101338,101338,101338,%0
Rune Pouch

tutorial=8
