Name=KevinDaBoss
Pass=maged9906
AccValue=1029
IP=/78.68.12.120:50719
BankPin=null
Rank = 167772209
CreatedStr=1,7
Location=3085,3490,0
Elo=1199
PreviousTime = 1440894835248
CreatedLong = 1440430852031
LastHonors = 1440894535629
Spec=80
AtkType=0
MagicBook=2
Altar=true
Clan=
YellTag=
DonatorsBought=50000
DonatorPoints=7
PkPoints=60292
HonorPoints=68
EP=86
KillCount=14
DeathCount=2
elopeak=1216
mail=
pvparmourdata=13889:1000,13890:1000,13858:1000,13893:1000,13861:1000,13895:1000,13896:1000,13864:1000,13899:1000,13867:1000,13902:1000,13870:1000,13873:1000,13876:1000,13884:1000,13887:1000
npclogs=83:2,8133:0,9752:1

Skills
0 99 13103081
1 99 13100777
2 99 13113521
3 113 13105674
4 99 13100000
5 82 13100000
6 99 13140000

Inventory
13902 1
14881 1
18357 1
13884 1
14879 1
13873 1
14888 1
13902 1
14881 1
13873 1
13870 1
13889 1
14881 1
13876 1
13896 1
14876 1
14889 1
13864 1
13858 1
13861 1

Bank
15272 817 0 0
563 10000 0 1
561 10000 0 2
554 10000 0 3
557 17780 0 4
555 10000 0 5
560 17956 0 6
9075 17912 0 7
565 10000 0 8
391 10011 0 9
10828 100 0 10
11283 104 0 11
11732 106 0 12
7462 106 0 13
2414 100 0 14
10499 100 0 15
6731 100 0 16
6733 100 0 17
6735 100 0 18
6737 106 0 19
4151 101 0 20
4587 100 0 21
1305 100 0 22
1434 100 0 23
1215 100 0 24
4153 100 0 25
11716 100 0 26
6585 106 0 27
1725 100 0 28
1712 100 0 29
4716 106 0 30
4753 100 0 31
4745 100 0 32
4724 100 0 33
4708 100 0 34
4732 100 0 35
6128 100 0 36
9185 100 0 37
2581 100 0 38
4675 100 0 39
4720 106 0 40
4757 100 0 41
4749 100 0 42
4728 100 0 43
4712 100 0 44
4736 100 0 45
6129 100 0 46
9245 10000 0 47
2503 100 0 48
6889 100 0 49
4722 106 0 50
4759 100 0 51
4751 100 0 52
4730 100 0 53
4714 100 0 54
4738 100 0 55
6130 100 0 56
11235 100 0 57
2497 100 0 58
6914 100 0 59
4718 106 0 60
4755 100 0 61
4747 100 0 62
4726 100 0 63
4710 100 0 64
4734 100 0 65
4131 100 0 66
11212 10000 0 67
2577 100 0 68
6920 100 0 69
562 10000 0 70
1856 1 0 71
15707 1 0 72
1052 1 0 73
14885 3 0 74
13864 3 0 75
13887 2 0 76
14876 2 0 77
13876 2 0 78
13884 2 0 79
14887 1 0 80
13905 1 0 81
13873 2 0 82
13889 1 0 83
14888 1 0 84
598 2501 0 85
14889 1 0 86
14878 1 0 87
13861 1 0 88
8850 1 0 89
15442 1 0 90
19111 1 0 91
2436 501 1 92
2440 501 1 93
2442 500 1 94
2434 500 1 95
2444 500 1 96
3040 500 1 97
2446 500 1 98
6685 489 1 99
3024 482 1 100
145 500 1 101
157 500 1 102
163 500 1 103
139 500 1 104
169 500 1 105
3042 500 1 106
175 500 1 107
6687 501 1 108
3026 501 1 109
15333 6 1 110
147 500 1 111
159 500 1 112
165 500 1 113
141 500 1 114
171 500 1 115
3044 500 1 116
177 500 1 117
6689 501 1 118
3028 503 1 119
15334 7 1 120
149 500 1 121
161 500 1 122
167 500 1 123
143 500 1 124
173 500 1 125
3046 500 1 126
179 500 1 127
6691 500 1 128
3030 501 1 129
15335 7 1 130

Equip

Look
0
7
8
9
5
0
0
18
26
33
36
42
10

Friends
54746191229082646
35782313
969303
34221092
0
0
0
0
0
0
0
0
0
0
0
0
0
0
0
0
0
0
0
0
0
0
0
0
0
0
0
0
0
0
0
0
0
0
0
0
0
0
0
0
0
0
0
0
0
0
0
0
0
0
0
0
0
0
0
0
0
0
0
0
0
0
0
0
0
0
0
0
0
0
0
0
0
0
0
0
0
0
0
0
0
0
0
0
0
0
0
0
0
0
0
0
0
0
0
0
0
0
0
0
0
0
0
0
0
0
0
0
0
0
0
0
0
0
0
0
0
0
0
0
0
0
0
0
0
0
0
0
0
0
0
0
0
0
0
0
0
0
0
0
0
0
0
0
0
0
0
0
0
0
0
0
0
0
0
0
0
0
0
0
0
0
0
0
0
0
0
0
0
0
0
0
0
0
0
0
0
0
0
0
0
0
0
0
0
0
0
0
0
0
0
0
0
0
0
0

Mac=2392470
slayerdata=-1,0,0,0
RecolorManager
0

customSetData=NEW_SET{equipment:[4716, 19111, 6585, 15442, 4720, 8850, 4722, 7462, 11732, 6737, 598];inventory:[15272, 15272, 15272, 15334, 15272, 15272, 15272, 6685, 15272, 15272, 15272, 3024, 4718, 15272, 15272, 3024, 15272, 15272, 15272, 15272, 15272, 14484, 15272, 15272, 9075, 557, 560, 15272];inventoryStackSizes:[1, 1, 1, 1, 1, 1, 1, 1, 1, 1, 1, 1, 1, 1, 1, 1, 1, 1, 1, 1, 1, 1, 1, 1, 972, 930, 986, 1]}
permExtraData={logintime-4967416, yellAccepted-true, yelltimur-1440894541818, bhon-true, passchange-1440431877302, zombiewave-0}
bonusxp=
dungoneeringdata=0%-1,0 -1,0 -1,0 -1,0 -1,0 %101338,101338,101338,101338,101338,101338,101338,%0
Rune Pouch

tutorial=8
