Name=Knightmarex
Pass=newpassword
AccValue=20000
IP=/87.114.130.2:49294
BankPin=null
CreatedStr=1,7
Location=3088,3516,0
Elo=1216
PreviousTime = 1440611813393
CreatedLong = 1440432288591
LastHonors = 1440611166706
Spec=95
MagicBook=2
Altar=true
Clan=
YellTag=
PkPoints=480
HonorPoints=76
Skull=732
EP=2
KillStreak=1
KillCount=2
DeathCount=1
elopeak=1216
mail=
pvparmourdata=13890:1000,13858:1000,13893:1000,13861:1000,13896:1000,13864:1000,13899:1000,13867:1000,13902:1000,13870:1000,13873:1000,13876:1000,13884:1000,13887:1000
bhpoints=1
npclogs=83:1,8133:0

Skills
0 99 13102092
1 99 13100172
2 99 13101164
3 99 13101116
4 99 13100000
5 99 13100000
6 99 13128000

Inventory
4718 1
391 1
560 3978
557 3890
15333 1
1215 1
9075 3955
3144 1
3026 1
6689 1
391 1
3024 1
6685 1
6685 1
3144 1
3024 1

Bank
15707 1 0 0
6689 1 0 1
3026 2 0 2
147 1 0 3
159 1 0 4
560 994 0 5
9075 989 0 6
11090 1 0 7
557 970 0 8
2442 2 0 9
19714 1 0 10
19715 1 0 11
6687 1 0 12
2436 2 0 13
2440 2 0 14
15334 1 0 15
16425 1 0 16
16403 2 0 17

Equip
4716 1
19111 1
6585 1
4151 1
4720 1
11283 1
4722 1
7462 1
11732 1
6737 1
598 1

Look
0
7
8
9
5
0
0
18
26
33
36
42
10

Friends
969303
824734706366
13895
53622401929994461
0
0
0
0
0
0
0
0
0
0
0
0
0
0
0
0
0
0
0
0
0
0
0
0
0
0
0
0
0
0
0
0
0
0
0
0
0
0
0
0
0
0
0
0
0
0
0
0
0
0
0
0
0
0
0
0
0
0
0
0
0
0
0
0
0
0
0
0
0
0
0
0
0
0
0
0
0
0
0
0
0
0
0
0
0
0
0
0
0
0
0
0
0
0
0
0
0
0
0
0
0
0
0
0
0
0
0
0
0
0
0
0
0
0
0
0
0
0
0
0
0
0
0
0
0
0
0
0
0
0
0
0
0
0
0
0
0
0
0
0
0
0
0
0
0
0
0
0
0
0
0
0
0
0
0
0
0
0
0
0
0
0
0
0
0
0
0
0
0
0
0
0
0
0
0
0
0
0
0
0
0
0
0
0
0
0
0
0
0
0
0
0
0
0
0
0

Mac=-189275406
slayerdata=-1,0,0,0
RecolorManager
0

customSetData=
permExtraData={logintime-1166693, yellAccepted-true, bhon-true, zombiewave-0, disabledYell-false}
bonusxp=
dungoneeringdata=0%-1,0 -1,0 -1,0 -1,0 -1,0 %101338,101338,101338,101338,101338,101338,101338,%0
Rune Pouch

tutorial=7
