Name=Marcus
Pass=rockies22
AccValue=47321
IP=/96.229.208.201:50662
BankPin=null
Rank = 49
CreatedStr=2,7
Location=3094,3489,0
PreviousTime = 1440896259511
CreatedLong = 1440531579635
LastHonors = 1440895347032
Spec=100
Clan=
YellTag=
DonatorsBought=50000
DonatorPoints=262
PkPoints=40
EP=37
KillCount=1
DeathCount=1
elopeak=1216
mail=
pvparmourdata=13889:1000,13890:1000,13858:1000,13893:1000,13861:1000,13895:1000,13896:1000,13864:1000,13899:1000,13867:1000,13902:1000,13870:1000,13873:1000,13876:1000,13884:1000,13887:1000
npclogs=1:2,83:1,8133:0

Skills
0 99 13100000
1 99 13100000
2 99 13118212
3 99 13105991
4 99 13100000
5 99 13100400
6 99 13100000
17 20 4800

Inventory

Bank
15707 1 0 0
11283 1 0 1
995 2400 0 2
1052 1 0 3
6585 1 0 4
4716 1 0 5
7462 1 0 6
4151 2 0 7
11732 1 0 8
4728 1 0 9
4730 1 0 10
19714 1 0 11
19715 1 0 12
16403 1 0 13
14880 15 0 14
13736 6 0 15
14881 9 0 16
14484 18 0 17
13867 20 0 18
13896 19 0 19
13873 17 0 20
13876 14 0 21
13902 14 0 22
14888 17 0 23
13864 14 0 24
13890 13 0 25
14889 17 0 26
14878 19 0 27
13870 17 0 28
13858 14 0 29
14885 17 0 30
18355 2 0 31
14879 14 0 32
14876 19 0 33
13889 16 0 34
13893 10 0 35
13884 12 0 36
13887 21 0 37
13905 14 0 38
18335 3 0 39
13744 2 0 40
14887 14 0 41
15441 3 0 42
13861 12 0 43
18359 2 0 44
6524 1 0 45
18357 1 0 46
18351 1 0 47
15442 1 0 48
15444 1 0 49
15443 1 0 50

Equip
10828 1
19111 1
6585 1
14484 1
7462 1
11732 1
6737 1
598 1

Look
0
0
2
2
0
2
3
22
26
33
36
42
14

Friends
671222
0
0
0
0
0
0
0
0
0
0
0
0
0
0
0
0
0
0
0
0
0
0
0
0
0
0
0
0
0
0
0
0
0
0
0
0
0
0
0
0
0
0
0
0
0
0
0
0
0
0
0
0
0
0
0
0
0
0
0
0
0
0
0
0
0
0
0
0
0
0
0
0
0
0
0
0
0
0
0
0
0
0
0
0
0
0
0
0
0
0
0
0
0
0
0
0
0
0
0
0
0
0
0
0
0
0
0
0
0
0
0
0
0
0
0
0
0
0
0
0
0
0
0
0
0
0
0
0
0
0
0
0
0
0
0
0
0
0
0
0
0
0
0
0
0
0
0
0
0
0
0
0
0
0
0
0
0
0
0
0
0
0
0
0
0
0
0
0
0
0
0
0
0
0
0
0
0
0
0
0
0
0
0
0
0
0
0
0
0
0
0
0
0
0
0
0
0
0
0

Mac=349588752
slayerdata=-1,0,0,0
RecolorManager
0

customSetData=
permExtraData={logintime-2914505, bhon-true, zombiewave-0}
bonusxp=
dungoneeringdata=0%-1,0 -1,0 -1,0 -1,0 -1,0 %101338,101338,101338,101338,101338,101338,101338,%0
Rune Pouch

tutorial=7
