Name=Maskis
Pass=markus2003!
IP=/77.53.101.236:50185
BankPin=null
CreatedStr=0,7
Location=2794,3320,0
PreviousTime = 1440916494058
CreatedLong = 1440916474317
LastHonors = 1440916474317
Clan=
YellTag=
mail=
pvparmourdata=13889:1000,13890:1000,13858:1000,13893:1000,13861:1000,13895:1000,13896:1000,13864:1000,13899:1000,13867:1000,13902:1000,13870:1000,13873:1000,13876:1000,13884:1000,13887:1000
npclogs=8133:0

Skills
3 10 1184

Inventory
15707 1

Bank

Equip

Look
0
7
8
9
5
0
0
18
26
33
36
42
10

Friends
0
0
0
0
0
0
0
0
0
0
0
0
0
0
0
0
0
0
0
0
0
0
0
0
0
0
0
0
0
0
0
0
0
0
0
0
0
0
0
0
0
0
0
0
0
0
0
0
0
0
0
0
0
0
0
0
0
0
0
0
0
0
0
0
0
0
0
0
0
0
0
0
0
0
0
0
0
0
0
0
0
0
0
0
0
0
0
0
0
0
0
0
0
0
0
0
0
0
0
0
0
0
0
0
0
0
0
0
0
0
0
0
0
0
0
0
0
0
0
0
0
0
0
0
0
0
0
0
0
0
0
0
0
0
0
0
0
0
0
0
0
0
0
0
0
0
0
0
0
0
0
0
0
0
0
0
0
0
0
0
0
0
0
0
0
0
0
0
0
0
0
0
0
0
0
0
0
0
0
0
0
0
0
0
0
0
0
0
0
0
0
0
0
0
0
0
0
0
0
0

Mac=-133217963
slayerdata=-1,0,0,0
RecolorManager
0

customSetData=
permExtraData={logintime-15984, bhon-true, zombiewave-0}
bonusxp=
dungoneeringdata=0%-1,0 -1,0 -1,0 -1,0 -1,0 %101338,101338,101338,101338,101338,101338,101338,%0
Rune Pouch

tutorial=7
