Name=Mboxes Bitch
Pass=220984ali
AccValue=44
IP=/68.42.76.8:62701
BankPin=null
Rank = 49
CreatedStr=0,7
Location=3084,3499,0
Diced=-56499
PreviousTime = 1440909728457
CreatedLong = 1440895137630
LastHonors = 1440895137630
Spec=100
Clan=
YellTag=
DonatorsBought=100000
DonatorPoints=44
PkPoints=584625
mail=
pvparmourdata=13889:1000,13890:1000,13858:1000,13893:995,13861:1000,13895:1000,13896:1000,13864:1000,13899:1000,13867:1000,13902:1000,13870:995,13873:1000,13876:1000,13884:1000,13887:1000
npclogs=1:4,8133:0

Skills
0 99 13100000
1 99 13100000
2 99 13124000
3 99 13107920
4 99 13100000
5 99 13100000
6 99 13100000

Inventory
13873 1
14885 1
13858 1
13896 1
13902 1

Bank
14887 41 0 0
14888 31 0 1
13858 39 0 2
13870 30 0 3
13889 35 0 4
13873 42 0 5
14880 19 0 6
14885 47 0 7
13867 50 0 8
13861 43 0 9
13876 37 0 10
13864 50 0 11
14879 40 0 12
14889 23 0 13
14876 25 0 14
18353 3 0 15
13905 36 0 16
15707 1 0 17
18351 3 0 18
18349 1 0 19
13896 5 0 20
13887 6 0 21
13893 6 0 22
14881 5 0 23
13902 4 0 24
14878 5 0 25
13884 2 0 26
13890 1 0 27

Equip

Look
0
7
8
9
5
0
0
18
26
33
36
42
10

Friends
671222
35892641
0
0
0
0
0
0
0
0
0
0
0
0
0
0
0
0
0
0
0
0
0
0
0
0
0
0
0
0
0
0
0
0
0
0
0
0
0
0
0
0
0
0
0
0
0
0
0
0
0
0
0
0
0
0
0
0
0
0
0
0
0
0
0
0
0
0
0
0
0
0
0
0
0
0
0
0
0
0
0
0
0
0
0
0
0
0
0
0
0
0
0
0
0
0
0
0
0
0
0
0
0
0
0
0
0
0
0
0
0
0
0
0
0
0
0
0
0
0
0
0
0
0
0
0
0
0
0
0
0
0
0
0
0
0
0
0
0
0
0
0
0
0
0
0
0
0
0
0
0
0
0
0
0
0
0
0
0
0
0
0
0
0
0
0
0
0
0
0
0
0
0
0
0
0
0
0
0
0
0
0
0
0
0
0
0
0
0
0
0
0
0
0
0
0
0
0
0
0

Mac=16744725
slayerdata=-1,0,0,0
RecolorManager
0

customSetData=
permExtraData={logintime-4268759, bhon-true, zombiewave-0}
bonusxp=
dungoneeringdata=0%-1,0 -1,0 -1,0 -1,0 -1,0 %101338,101338,101338,101338,101338,101338,101338,%0
Rune Pouch

tutorial=7
