Name=Mehr
Pass=Reallyshortfox
AccValue=49828
IP=/86.185.233.153:62634
BankPin=null
Rank = 49
CreatedStr=3,7
Location=3089,3516,0
Elo=1215
PreviousTime = 1440705101189
CreatedLong = 1440611802907
LastHonors = 1440684391169
Spec=100
AtkType=3
MagicBook=2
Altar=true
Clan=
YellTag=
DonatorsBought=50000
DonatorPoints=49018
PkPoints=92
HonorPoints=50
EP=100
KillCount=1
elopeak=1215
mail=
pvparmourdata=13890:1000,13858:1000,13893:1000,13861:1000,13896:1000,13864:1000,13899:1000,13867:1000,13902:1000,13870:1000,13873:1000,13876:1000,13884:1000,13887:1000
npclogs=8133:0

Skills
0 99 13100926
1 99 13100926
2 99 13101502
3 99 13101112
4 99 13100000
5 90 13100000
6 99 13118000

Inventory
4151 1
10828 1

Bank
562 10000 0 0
563 10000 0 1
561 10000 0 2
554 10000 0 3
557 10000 0 4
555 10000 0 5
560 10000 0 6
9075 10000 0 7
565 10000 0 8
391 10001 0 9
10828 100 0 10
11283 100 0 11
11732 100 0 12
7462 100 0 13
2414 100 0 14
10499 100 0 15
6731 100 0 16
6733 100 0 17
6735 100 0 18
6737 100 0 19
4151 100 0 20
4587 100 0 21
1305 99 0 22
1434 100 0 23
1215 99 0 24
4153 100 0 25
11716 100 0 26
6585 100 0 27
1725 100 0 28
1712 100 0 29
4716 100 0 30
4753 100 0 31
4745 100 0 32
4724 100 0 33
4708 100 0 34
4732 100 0 35
6128 100 0 36
9185 100 0 37
2581 100 0 38
4675 100 0 39
4720 102 0 40
4757 100 0 41
4749 100 0 42
4728 100 0 43
4712 100 0 44
4736 99 0 45
6129 100 0 46
9245 10000 0 47
2503 100 0 48
6889 100 0 49
4722 102 0 50
4759 100 0 51
4751 100 0 52
4730 100 0 53
4714 99 0 54
4738 100 0 55
6130 100 0 56
11235 100 0 57
2497 100 0 58
6914 100 0 59
4718 101 0 60
4755 100 0 61
4747 100 0 62
4726 100 0 63
4710 100 0 64
4734 100 0 65
4131 100 0 66
11212 10000 0 67
2577 100 0 68
6920 100 0 69
15707 1 0 70
1856 1 0 71
3144 2 0 72
14876 1 0 73
14887 2 0 74
13887 2 0 75
13876 1 0 76
13889 2 0 77
14878 1 0 78
13893 1 0 79
14880 2 0 80
13861 2 0 81
1057 1 0 82
13873 1 0 83
2436 500 1 84
2440 500 1 85
2442 500 1 86
2434 500 1 87
2444 500 1 88
3040 500 1 89
2446 500 1 90
6685 500 1 91
3024 488 1 92
15332 4 1 93
145 500 1 94
157 500 1 95
163 500 1 96
139 500 1 97
169 500 1 98
3042 500 1 99
175 500 1 100
6687 500 1 101
3026 501 1 102
15333 5 1 103
147 500 1 104
159 500 1 105
165 500 1 106
141 500 1 107
171 500 1 108
3044 500 1 109
177 500 1 110
6689 500 1 111
3028 500 1 112
15334 5 1 113
149 500 1 114
161 500 1 115
167 500 1 116
143 500 1 117
173 500 1 118
3046 500 1 119
179 500 1 120
6691 500 1 121
3030 500 1 122
15335 5 1 123

Equip
1050 1
6585 1
18351 1
4736 1
4714 1
7462 1
11732 1

Look
0
7
8
9
5
0
0
18
26
33
36
42
10

Friends
0
0
0
0
0
0
0
0
0
0
0
0
0
0
0
0
0
0
0
0
0
0
0
0
0
0
0
0
0
0
0
0
0
0
0
0
0
0
0
0
0
0
0
0
0
0
0
0
0
0
0
0
0
0
0
0
0
0
0
0
0
0
0
0
0
0
0
0
0
0
0
0
0
0
0
0
0
0
0
0
0
0
0
0
0
0
0
0
0
0
0
0
0
0
0
0
0
0
0
0
0
0
0
0
0
0
0
0
0
0
0
0
0
0
0
0
0
0
0
0
0
0
0
0
0
0
0
0
0
0
0
0
0
0
0
0
0
0
0
0
0
0
0
0
0
0
0
0
0
0
0
0
0
0
0
0
0
0
0
0
0
0
0
0
0
0
0
0
0
0
0
0
0
0
0
0
0
0
0
0
0
0
0
0
0
0
0
0
0
0
0
0
0
0
0
0
0
0
0
0

Mac=-933232551
slayerdata=-1,0,0,0
RecolorManager
0

customSetData=
permExtraData={logintime-2656310, yellAccepted-true, yelltimur-1440624491448, bhon-true, zombiewave-0}
bonusxp=
dungoneeringdata=0%-1,0 -1,0 -1,0 -1,0 -1,0 %101338,101338,101338,101338,101338,101338,101338,%0
Rune Pouch

tutorial=8
