Name=Nab
Pass=newpassword
AccValue=26042
IP=/87.114.130.2:50586
BankPin=null
Rank = 49
CreatedStr=6,7
Location=3094,3491,0
PreviousTime = 1440823233056
CreatedLong = 1440818338933
LastHonors = 1440818338932
Spec=100
Clan=
YellTag=
DonatorsBought=100000
DonatorPoints=1573
PkPoints=7180
mail=
pvparmourdata=13889:1000,13890:1000,13858:1000,13893:1000,13861:1000,13895:1000,13896:1000,13864:1000,13899:1000,13867:1000,13902:1000,13870:1000,13873:1000,13876:1000,13884:1000,13887:1000
npclogs=1:3,8133:0

Skills
0 99 13124000
1 99 13100000
2 99 13104000
3 99 13109240
4 99 13100000
5 99 13100000
6 99 13100000

Inventory

Bank
5020 39000 0 0
15441 1 0 1
13905 140 0 2
13864 114 0 3
18351 12 0 4
13876 134 0 5
13867 117 0 6
13873 129 0 7
13889 125 0 8
18349 10 0 9
15707 1 0 10
18353 11 0 11
13902 123 0 12
13858 135 0 13
13870 115 0 14
13861 113 0 15
14878 79 0 16
14887 66 0 17
14885 83 0 18
14888 82 0 19
14879 77 0 20
13893 82 0 21
13890 90 0 22
14881 68 0 23
14880 70 0 24
13884 80 0 25
13896 92 0 26
13887 76 0 27
14876 88 0 28
14889 77 0 29
13736 6 0 30
14484 12 0 31
13744 4 0 32
18335 7 0 33
18357 1 0 34

Equip

Look
0
7
8
9
5
0
0
18
26
33
36
42
10

Friends
13895
0
0
0
0
0
0
0
0
0
0
0
0
0
0
0
0
0
0
0
0
0
0
0
0
0
0
0
0
0
0
0
0
0
0
0
0
0
0
0
0
0
0
0
0
0
0
0
0
0
0
0
0
0
0
0
0
0
0
0
0
0
0
0
0
0
0
0
0
0
0
0
0
0
0
0
0
0
0
0
0
0
0
0
0
0
0
0
0
0
0
0
0
0
0
0
0
0
0
0
0
0
0
0
0
0
0
0
0
0
0
0
0
0
0
0
0
0
0
0
0
0
0
0
0
0
0
0
0
0
0
0
0
0
0
0
0
0
0
0
0
0
0
0
0
0
0
0
0
0
0
0
0
0
0
0
0
0
0
0
0
0
0
0
0
0
0
0
0
0
0
0
0
0
0
0
0
0
0
0
0
0
0
0
0
0
0
0
0
0
0
0
0
0
0
0
0
0
0
0

Mac=-189275406
slayerdata=-1,0,0,0
RecolorManager
0

customSetData=
permExtraData={logintime-4892554, bhon-true, zombiewave-0}
bonusxp=
dungoneeringdata=0%-1,0 -1,0 -1,0 -1,0 -1,0 %101338,101338,101338,101338,101338,101338,101338,%0
Rune Pouch

tutorial=7
