Name=Osman
Pass=imtheking1950
AccValue=31103
IP=null
BankPin=null
Rank = 49
CreatedStr=1,7
Location=3093,3491,0
PreviousTime = 1439852203122
CreatedLong = 1439850667484
LastHonors = 1439850667362
Spec=100
Altar=true
Clan=
YellTag=
DonatorsBought=30000
DonatorPoints=1314
PkPoints=31000
KillCount=12
mail=
pvparmourdata=13890:1000,13858:1000,13893:1000,13861:1000,13896:1000,13864:1000,13899:1000,13867:1000,13902:1000,13870:1000,13873:1000,13876:1000,13884:1000,13887:1000
npclogs=8133:0

Skills
0 99 13100000
1 99 13100000
2 99 13100000
3 99 13100000
4 99 13100000
5 99 13100000
6 99 13100000

Inventory
19111 1
13738 1
19720 1
18355 1
18335 1
19721 1
16359 1
1050 1
18357 1
7462 1
15220 1
15444 1
19714 1
16931 1
11694 1
19717 1
560 5000
565 5000
555 5000
4153 1

Bank
15707 1 0 0
17017 1 0 1
16403 1 0 2
14889 1 0 3
13893 1 0 4
14876 1 0 5
16755 1 0 6
15443 1 0 7
14484 2 0 8
13740 1 0 9
15018 1 0 10
19718 1 0 11

Equip
19715 1

Look
1
2
23
23
14
6
45
56
61
67
70
79
-1

Friends
671222
733787085
0
0
0
0
0
0
0
0
0
0
0
0
0
0
0
0
0
0
0
0
0
0
0
0
0
0
0
0
0
0
0
0
0
0
0
0
0
0
0
0
0
0
0
0
0
0
0
0
0
0
0
0
0
0
0
0
0
0
0
0
0
0
0
0
0
0
0
0
0
0
0
0
0
0
0
0
0
0
0
0
0
0
0
0
0
0
0
0
0
0
0
0
0
0
0
0
0
0
0
0
0
0
0
0
0
0
0
0
0
0
0
0
0
0
0
0
0
0
0
0
0
0
0
0
0
0
0
0
0
0
0
0
0
0
0
0
0
0
0
0
0
0
0
0
0
0
0
0
0
0
0
0
0
0
0
0
0
0
0
0
0
0
0
0
0
0
0
0
0
0
0
0
0
0
0
0
0
0
0
0
0
0
0
0
0
0
0
0
0
0
0
0
0
0
0
0
0
0

Mac=-1192335907
slayerdata=-1,0,0,0
RecolorManager
0

customSetData=
permExtraData={logintime-1533473, bhon-true, zombiewave-0}
bonusxp=
dungoneeringdata=0%-1,0 -1,0 -1,0 -1,0 -1,0 %101338,101338,101338,101338,101338,101338,101338,%0
Rune Pouch

tutorial=7
