Name=Ruby
Pass=aliali
Salt=null
AccValue=3162
IP=/68.42.76.8:55945
BankPin=null
InitialSource=0
CreatedStr=2,7
Location=3085,3490,0
Elo=1184
PreviousTime = 1442961776299
CreatedLong = 1440532143416
LastHonors = 1442961426005
Spec=100
Clan=
YellTag=
DonatorPoints=1049
EP=24
DeathCount=1
mail=
pvparmourdata=13889:1000,13890:1000,13858:1000,13893:1000,13861:1000,13895:1000,13896:1000,13864:1000,13899:1000,13867:1000,13902:1000,13870:1000,13873:1000,13876:1000,13884:1000,13887:1000
npclogs=8133:0

Skills
0 99 13100000
1 99 13100000
2 99 13100000
3 99 13100000
4 99 13100000
5 99 13100000
6 99 13100000
16 19 4376

Inventory
18357 1
4736 1
11694 1
1 1

Bank
562 10000 0 0
563 10000 0 1
561 10000 0 2
554 10000 0 3
557 10000 0 4
555 11000 0 5
560 11000 0 6
9075 10000 0 7
565 11000 0 8
391 10014 0 9
10828 102 0 10
11283 101 0 11
11732 101 0 12
7462 102 0 13
2414 102 0 14
10499 100 0 15
6731 100 0 16
6733 100 0 17
6735 100 0 18
6737 102 0 19
4151 102 0 20
4587 100 0 21
1305 100 0 22
1434 100 0 23
1215 100 0 24
4153 100 0 25
11716 100 0 26
6585 102 0 27
1725 100 0 28
1712 100 0 29
4716 100 0 30
4753 100 0 31
4745 100 0 32
4724 100 0 33
4708 100 0 34
4732 100 0 35
6128 100 0 36
9185 100 0 37
2581 100 0 38
4675 101 0 39
4720 100 0 40
4757 100 0 41
4749 101 0 42
4728 100 0 43
4712 101 0 44
4736 100 0 45
6129 100 0 46
9245 10000 0 47
2503 101 0 48
6889 102 0 49
4722 100 0 50
4759 100 0 51
4751 101 0 52
4730 100 0 53
4714 101 0 54
4738 100 0 55
6130 100 0 56
11235 100 0 57
2497 101 0 58
6914 101 0 59
4718 100 0 60
4755 100 0 61
4747 100 0 62
4726 100 0 63
4710 100 0 64
4734 100 0 65
4131 101 0 66
11212 10000 0 67
2577 100 0 68
6920 102 0 69
15707 1 0 70
1856 1 0 71
3144 2 0 72
7399 1 0 73
1127 1 0 74
7398 1 0 75
1079 1 0 76
5698 1 0 77
11090 1 0 78
1185 1 0 79
2436 501 1 80
2440 501 1 81
2442 500 1 82
2434 500 1 83
2444 500 1 84
3040 501 1 85
2446 500 1 86
6685 505 1 87
3024 505 1 88
15332 5 1 89
145 500 1 90
157 500 1 91
163 500 1 92
139 500 1 93
169 500 1 94
3042 500 1 95
175 500 1 96
6687 500 1 97
3026 500 1 98
15333 5 1 99
147 500 1 100
159 500 1 101
165 500 1 102
141 500 1 103
171 500 1 104
3044 500 1 105
177 500 1 106
6689 500 1 107
3028 500 1 108
15334 5 1 109
149 500 1 110
161 500 1 111
167 500 1 112
143 500 1 113
173 500 1 114
3046 500 1 115
179 500 1 116
6691 500 1 117
3030 500 1 118
15335 5 1 119

Equip

Look
0
7
8
9
5
0
0
18
26
33
36
42
10

Friends
824734706366
35782313
0
0
0
0
0
0
0
0
0
0
0
0
0
0
0
0
0
0
0
0
0
0
0
0
0
0
0
0
0
0
0
0
0
0
0
0
0
0
0
0
0
0
0
0
0
0
0
0
0
0
0
0
0
0
0
0
0
0
0
0
0
0
0
0
0
0
0
0
0
0
0
0
0
0
0
0
0
0
0
0
0
0
0
0
0
0
0
0
0
0
0
0
0
0
0
0
0
0
0
0
0
0
0
0
0
0
0
0
0
0
0
0
0
0
0
0
0
0
0
0
0
0
0
0
0
0
0
0
0
0
0
0
0
0
0
0
0
0
0
0
0
0
0
0
0
0
0
0
0
0
0
0
0
0
0
0
0
0
0
0
0
0
0
0
0
0
0
0
0
0
0
0
0
0
0
0
0
0
0
0
0
0
0
0
0
0
0
0
0
0
0
0
0
0
0
0
0
0

Mac=16744725
slayerdata=-1,0,0,0
RecolorManager
0

customSetData=
permExtraData={logintime-1683894, bhon-true, zombiewave-0}
bonusxp=
dungoneeringdata=0%-1,0 -1,0 -1,0 -1,0 -1,0 %101338,101338,101338,101338,101338,101338,101338,%0
Rune Pouch

tutorial=28
