Name=Scott
Pass=asasent
Salt=null
AccValue=116027
IP=/68.9.81.41:60593
BankPin=null
InitialSource=0
Rank = 98353
CreatedStr=4,0
Location=3088,3495,0
PreviousTime = 1442428945526
LastHonors = 1442425446163
Spec=100
Altar=true
Clan=
YellTag=
DonatorsBought=100000
DonatorPoints=75030
PkPoints=472465224
EP=33
mail=
pvparmourdata=13889:1000,13890:1000,13858:1000,13893:1000,13861:1000,13895:1000,13896:1000,13864:1000,13899:1000,13867:1000,13902:1000,13870:1000,13873:1000,13876:1000,13884:1000,13887:1000
npclogs=83:4,8133:0,10141:1

Skills
0 99 13100570
1 99 13100570
2 99 13105330
3 68 13102106
4 99 13100000
5 99 13100000
6 99 13100000

Inventory
4151 1
11283 1
557 1000
560 1000
9075 1000
6585 1

Bank
15707 1 0 0
4718 2 0 1
557 2000 0 2
560 2000 0 3
9075 2000 0 4
11090 2 0 5
17361 1 0 6
11732 2 0 7
11283 2 0 8
4722 2 0 9
4720 2 0 10
1052 2 0 11
16909 1 0 12
4151 2 0 13
4716 2 0 14
13889 1 0 15
13902 2 0 16
1053 1 0 17
13870 2 0 18
18353 1 0 19
13876 3 0 20
13887 1 0 21
13864 2 0 22
13884 2 0 23
13858 1 0 24
3024 98 0 25
391 23631 0 26
157 1 0 27
145 1 0 28
163 1 0 29
3030 2 0 30
15332 1 0 31
15349 1 0 32
5020 23 0 33
14484 1 0 34
12160 1 0 35
17564 8 0 36
10828 1 0 37
6585 2 0 38
16955 1 0 39
17259 1 0 40
13740 1 0 41
16689 1 0 42
7462 2 0 43
16359 1 0 44
6737 2 0 45
598 2 0 46
19111 1 0 47

Equip
4716 1
1052 1
4718 1
4720 1
4722 1
7462 1
11732 1
6737 1
598 1

Look
0
7
8
9
5
0
0
18
26
33
36
42
10

Friends
371351
0
0
0
0
0
0
0
0
0
0
0
0
0
0
0
0
0
0
0
0
0
0
0
0
0
0
0
0
0
0
0
0
0
0
0
0
0
0
0
0
0
0
0
0
0
0
0
0
0
0
0
0
0
0
0
0
0
0
0
0
0
0
0
0
0
0
0
0
0
0
0
0
0
0
0
0
0
0
0
0
0
0
0
0
0
0
0
0
0
0
0
0
0
0
0
0
0
0
0
0
0
0
0
0
0
0
0
0
0
0
0
0
0
0
0
0
0
0
0
0
0
0
0
0
0
0
0
0
0
0
0
0
0
0
0
0
0
0
0
0
0
0
0
0
0
0
0
0
0
0
0
0
0
0
0
0
0
0
0
0
0
0
0
0
0
0
0
0
0
0
0
0
0
0
0
0
0
0
0
0
0
0
0
0
0
0
0
0
0
0
0
0
0
0
0
0
0
0
0

Mac=-1401183886
slayerdata=-1,0,0,0
RecolorManager
0

customSetData=
permExtraData={logintime-3117092, yellAccepted-true, bhon-true, passchange-1440531589089, zombiewave-0}
bonusxp=
dungoneeringdata=0%-1,0 -1,0 -1,0 -1,0 -1,0 %101338,101338,101338,101338,101338,101338,101338,%0
Rune Pouch

tutorial=28
