Name=Sean
Pass=interstellar
Salt=null
AccValue=199999
IP=/86.45.27.29:53142
BankPin=null
InitialSource=0
CreatedStr=2,8
Location=3320,3423,0
PreviousTime = 1443020920713
CreatedLong = 1442878203163
LastHonors = 1443011777270
Spec=100
Clan=
YellTag=
DonatorPoints=199999
mail=
pvparmourdata=13889:1000,13890:1000,13858:1000,13893:1000,13861:1000,13895:1000,13896:1000,13864:1000,13899:1000,13867:1000,13902:1000,13870:1000,13873:1000,13876:1000,13884:1000,13887:1000
npclogs=8133:0

Skills
0 99 13100000
1 99 13100000
2 99 13100000
3 99 13100000
4 99 13100000
5 99 13100000
6 99 13100000
7 99 13034436
8 99 13034436
9 99 13034436
10 99 13034436
11 99 13034436
12 99 13034436
13 99 13034436
14 99 13034436
15 99 13034436
16 99 13034436
17 99 13034436
18 99 13034436
19 99 13034436
20 99 13034436
21 99 13034436
22 99 13034436
23 99 13034436
24 99 13034436

Inventory

Bank
18509 1 0 0
15707 1 0 1

Equip

Look
0
7
8
9
5
0
0
18
26
33
36
42
10

Friends
33460416929
49584082587
371351
703048929
0
0
0
0
0
0
0
0
0
0
0
0
0
0
0
0
0
0
0
0
0
0
0
0
0
0
0
0
0
0
0
0
0
0
0
0
0
0
0
0
0
0
0
0
0
0
0
0
0
0
0
0
0
0
0
0
0
0
0
0
0
0
0
0
0
0
0
0
0
0
0
0
0
0
0
0
0
0
0
0
0
0
0
0
0
0
0
0
0
0
0
0
0
0
0
0
0
0
0
0
0
0
0
0
0
0
0
0
0
0
0
0
0
0
0
0
0
0
0
0
0
0
0
0
0
0
0
0
0
0
0
0
0
0
0
0
0
0
0
0
0
0
0
0
0
0
0
0
0
0
0
0
0
0
0
0
0
0
0
0
0
0
0
0
0
0
0
0
0
0
0
0
0
0
0
0
0
0
0
0
0
0
0
0
0
0
0
0
0
0
0
0
0
0
0
0

Mac=1961182067
slayerdata=-1,0,0,0
RecolorManager
0

customSetData=
permExtraData={logintime-609624, votingStreak-10000000, yellAccepted-true, bhon-true, lastVoted-22/09/2015, zombiewave-0}
bonusxp=
dungoneeringdata=0%-1,0 -1,0 -1,0 -1,0 -1,0 %101338,101338,101338,101338,101338,101338,101338,%0
Rune Pouch

tutorial=28
