Name=Seven
Pass=test8
Salt=null
AccValue=4970
IP=/184.46.6.84:59622
BankPin=null
InitialSource=0
Rank = 469778433
CreatedStr=2,8
Location=3087,3489,0
PreviousTime = 1442971960767
CreatedLong = 1442878114030
LastHonors = 1442961543100
Spec=100
Clan=
YellTag=
PkPoints=40
VotePoints=4970
HonorPoints=39
mail=
pvparmourdata=13889:1000,13890:1000,13858:1000,13893:1000,13861:1000,13895:1000,13896:1000,13864:1000,13899:1000,13867:1000,13902:1000,13870:1000,13873:1000,13876:1000,13884:1000,13887:1000
npclogs=1:4,8133:0

Skills
0 99 13100000
1 99 13100000
2 99 13106400
3 99 13102112
4 99 13100000
5 99 13100000
6 99 13100000
17 21 5200

Inventory
995 2600

Bank
15707 1 0 0
6737 1 0 1
6885 1 0 2
1725 1 0 3
1321 1 0 4
7459 1 0 5
15220 1 0 6

Equip

Look
0
7
8
9
5
0
0
18
26
33
36
42
10

Friends
0
0
0
0
0
0
0
0
0
0
0
0
0
0
0
0
0
0
0
0
0
0
0
0
0
0
0
0
0
0
0
0
0
0
0
0
0
0
0
0
0
0
0
0
0
0
0
0
0
0
0
0
0
0
0
0
0
0
0
0
0
0
0
0
0
0
0
0
0
0
0
0
0
0
0
0
0
0
0
0
0
0
0
0
0
0
0
0
0
0
0
0
0
0
0
0
0
0
0
0
0
0
0
0
0
0
0
0
0
0
0
0
0
0
0
0
0
0
0
0
0
0
0
0
0
0
0
0
0
0
0
0
0
0
0
0
0
0
0
0
0
0
0
0
0
0
0
0
0
0
0
0
0
0
0
0
0
0
0
0
0
0
0
0
0
0
0
0
0
0
0
0
0
0
0
0
0
0
0
0
0
0
0
0
0
0
0
0
0
0
0
0
0
0
0
0
0
0
0
0

Mac=2017838103
slayerdata=-1,0,0,0
RecolorManager
0

customSetData=
permExtraData={logintime-7258707, bhon-true, zombiewave-0}
bonusxp=
dungoneeringdata=0%-1,0 -1,0 -1,0 -1,0 -1,0 %101338,101338,101338,101338,101338,101338,101338,%0
Rune Pouch

tutorial=28
