Name=Skys Alive
Pass=asdfghjkl
AccValue=15
IP=/85.23.110.35:61520
BankPin=null
Rank = 335545601
CreatedStr=4,7
Location=3576,9707,3
PreviousTime = 1439479926722
CreatedLong = 1439476719452
LastHonors = 1439476719451
Spec=100
Clan=
YellTag=
HonorPoints=1998503
EP=27
mail=
pvparmourdata=13890:1000,13858:1000,13893:1000,13861:1000,13896:1000,13864:1000,13899:1000,13867:1000,13902:1000,13870:1000,13873:1000,13876:1000,13884:1000,13887:1000
npclogs=1:3,2026:1,8133:0

Skills
0 99 13100086
1 99 13100086
2 99 13111950
3 99 13165767
4 99 13287200
5 99 13100000
6 99 13100000

Inventory
9142 1
9140 7
877 9
952 1
9185 1

Bank
562 10000 0 0
563 10000 0 1
561 10000 0 2
554 10000 0 3
557 10000 0 4
555 10000 0 5
560 10000 0 6
9075 10000 0 7
565 10000 0 8
391 10000 0 9
10828 100 0 10
11283 100 0 11
11732 100 0 12
7462 100 0 13
2414 100 0 14
10499 100 0 15
6731 100 0 16
6733 100 0 17
6735 100 0 18
6737 100 0 19
4151 101 0 20
4587 100 0 21
1305 100 0 22
1434 100 0 23
1215 100 0 24
4153 100 0 25
11716 100 0 26
6585 100 0 27
1725 100 0 28
1712 100 0 29
4716 100 0 30
4753 100 0 31
4745 100 0 32
4724 100 0 33
4708 100 0 34
4732 100 0 35
6128 100 0 36
9185 99 0 37
2581 100 0 38
4675 100 0 39
4720 100 0 40
4757 100 0 41
4749 100 0 42
4728 100 0 43
4712 100 0 44
4736 99 0 45
6129 100 0 46
2503 100 0 47
6889 100 0 48
4722 100 0 49
4759 100 0 50
4751 100 0 51
4730 100 0 52
4714 100 0 53
4738 99 0 54
6130 100 0 55
11235 100 0 56
2497 100 0 57
6914 100 0 58
4718 100 0 59
4755 100 0 60
4747 100 0 61
4726 100 0 62
4710 100 0 63
4734 100 0 64
4131 100 0 65
11212 10000 0 66
2577 100 0 67
6920 100 0 68
15707 1 0 69
9245 10000 0 70
2436 500 1 71
2440 500 1 72
2442 500 1 73
2434 500 1 74
2444 500 1 75
3040 500 1 76
2446 500 1 77
6685 500 1 78
3024 500 1 79
15332 5 1 80
145 500 1 81
157 500 1 82
163 500 1 83
139 500 1 84
169 500 1 85
3042 500 1 86
175 500 1 87
6687 500 1 88
3026 500 1 89
15333 5 1 90
147 500 1 91
159 500 1 92
165 500 1 93
141 500 1 94
171 500 1 95
3044 500 1 96
177 500 1 97
6689 500 1 98
3028 500 1 99
15334 5 1 100
149 500 1 101
161 500 1 102
167 500 1 103
143 500 1 104
173 500 1 105
3046 500 1 106
179 500 1 107
6691 500 1 108
3030 500 1 109
15335 5 1 110
1163 1000 1 111
1127 1000 1 112
1079 1000 1 113

Equip
4736 1
4738 1
9141 7

Look
0
7
8
9
5
0
0
18
26
33
36
42
10

Friends
371351
19526391
0
0
0
0
0
0
0
0
0
0
0
0
0
0
0
0
0
0
0
0
0
0
0
0
0
0
0
0
0
0
0
0
0
0
0
0
0
0
0
0
0
0
0
0
0
0
0
0
0
0
0
0
0
0
0
0
0
0
0
0
0
0
0
0
0
0
0
0
0
0
0
0
0
0
0
0
0
0
0
0
0
0
0
0
0
0
0
0
0
0
0
0
0
0
0
0
0
0
0
0
0
0
0
0
0
0
0
0
0
0
0
0
0
0
0
0
0
0
0
0
0
0
0
0
0
0
0
0
0
0
0
0
0
0
0
0
0
0
0
0
0
0
0
0
0
0
0
0
0
0
0
0
0
0
0
0
0
0
0
0
0
0
0
0
0
0
0
0
0
0
0
0
0
0
0
0
0
0
0
0
0
0
0
0
0
0
0
0
0
0
0
0
0
0
0
0
0
0

Mac=2026536
slayerdata=-1,0,0,0
RecolorManager
0

customSetData=
permExtraData={logintime-964876, yellAccepted-true, bhon-true, zombiewave-0}
bonusxp=
dungoneeringdata=0%-1,0 -1,0 -1,0 -1,0 -1,0 %101338,101338,101338,101338,101338,101338,101338,%0
Rune Pouch

tutorial=8
