Name=Wildy Owns56
Pass=interstellar
IP=/73.45.42.100:61786
BankPin=
CreatedStr=6,7
Location=3086,3492,0
PreviousTime = 1440818378026
CreatedLong = 1440818322048
LastHonors = 1440818321935
Spec=10
Clan=
YellTag=
mail=
pvparmourdata=13889:1000,13890:1000,13858:1000,13893:1000,13861:1000,13895:1000,13896:1000,13864:1000,13899:1000,13867:1000,13902:1000,13870:1000,13873:1000,13876:1000,13884:1000,13887:1000
npclogs=8133:0

Skills
0 99 13100000
1 99 13100000
2 99 13100000
3 99 13100000
4 99 13100000
5 99 13100000
6 99 13100000

Inventory
15707 1

Bank

Equip

Look
0
7
8
9
5
0
0
18
26
33
36
42
10

Friends
13895
0
0
0
0
0
0
0
0
0
0
0
0
0
0
0
0
0
0
0
0
0
0
0
0
0
0
0
0
0
0
0
0
0
0
0
0
0
0
0
0
0
0
0
0
0
0
0
0
0
0
0
0
0
0
0
0
0
0
0
0
0
0
0
0
0
0
0
0
0
0
0
0
0
0
0
0
0
0
0
0
0
0
0
0
0
0
0
0
0
0
0
0
0
0
0
0
0
0
0
0
0
0
0
0
0
0
0
0
0
0
0
0
0
0
0
0
0
0
0
0
0
0
0
0
0
0
0
0
0
0
0
0
0
0
0
0
0
0
0
0
0
0
0
0
0
0
0
0
0
0
0
0
0
0
0
0
0
0
0
0
0
0
0
0
0
0
0
0
0
0
0
0
0
0
0
0
0
0
0
0
0
0
0
0
0
0
0
0
0
0
0
0
0
0
0
0
0
0
0

Mac=543727050
slayerdata=-1,0,0,0
RecolorManager
0

customSetData=
permExtraData={logintime-56066, bhon-true, zombiewave-0}
bonusxp=
dungoneeringdata=0%-1,0 -1,0 -1,0 -1,0 -1,0 %101338,101338,101338,101338,101338,101338,101338,%0
Rune Pouch

