Name=Zur
Pass=dodi12
AccValue=6
IP=null
BankPin=
CreatedStr=3,7
Location=3087,3491,0
PreviousTime = 1439943779877
CreatedLong = 1439943751614
LastHonors = 1439943751612
Spec=10
Clan=
YellTag=
mail=
pvparmourdata=13890:1000,13858:1000,13893:1000,13861:1000,13896:1000,13864:1000,13899:1000,13867:1000,13902:1000,13870:1000,13873:1000,13876:1000,13884:1000,13887:1000
npclogs=8133:0

Skills
3 10 1184

Inventory
15707 1
995 15000000

Bank
15332 2 0 0
6685 100 0 1
3024 75 0 2
2436 50 0 3
2440 50 0 4
2444 50 0 5
3040 50 0 6
4716 3 0 7
4718 3 0 8
4720 3 0 9
4722 3 0 10
6524 3 0 11
7462 1 0 12
1725 10 0 13
11732 2 0 14
4151 2 0 15
5698 5 0 16
2550 5 0 17
391 500 0 18
557 10000 0 19
9075 4000 0 20
560 2000 0 21

Equip

Look
0
7
8
9
5
0
0
18
26
33
36
42
10

Friends
0
0
0
0
0
0
0
0
0
0
0
0
0
0
0
0
0
0
0
0
0
0
0
0
0
0
0
0
0
0
0
0
0
0
0
0
0
0
0
0
0
0
0
0
0
0
0
0
0
0
0
0
0
0
0
0
0
0
0
0
0
0
0
0
0
0
0
0
0
0
0
0
0
0
0
0
0
0
0
0
0
0
0
0
0
0
0
0
0
0
0
0
0
0
0
0
0
0
0
0
0
0
0
0
0
0
0
0
0
0
0
0
0
0
0
0
0
0
0
0
0
0
0
0
0
0
0
0
0
0
0
0
0
0
0
0
0
0
0
0
0
0
0
0
0
0
0
0
0
0
0
0
0
0
0
0
0
0
0
0
0
0
0
0
0
0
0
0
0
0
0
0
0
0
0
0
0
0
0
0
0
0
0
0
0
0
0
0
0
0
0
0
0
0
0
0
0
0
0
0

Mac=207648332
slayerdata=-1,0,0,0
RecolorManager
0

customSetData=
permExtraData={logintime-28249, bhon-true, zombiewave-0}
gameMode=1
bonusxp=
dungoneeringdata=0%-1,0 -1,0 -1,0 -1,0 -1,0 %101338,101338,101338,101338,101338,101338,101338,%0
Rune Pouch

tutorial=8
